125
0.00039996903065592335
0.0004396380990914038
0.00048324155961708735
0.0005310684647813561
0.0005835731379126902
0.0006411264407674672
0.0007042769771593987
0.0007734372571670594
0.0008491948685026778
0.000932141793125696
0.0010228867033332959
0.0011220803232564356
0.0012304173663127544
0.0013486384408295015
0.0014775093154310221
0.0016176954452136513
0.0017701151594445804
0.001935443776053349
0.0021143980498557462
0.0023076955608381895
0.0025157882175420405
0.0027391890158478187
0.0029780076640482617
0.003232193945234896
0.0035012625885853846
0.0037842286705171745
0.004079715823010642
0.004388474655126656
0.004711111084647951
0.005047593714676722
0.005397849101623085
0.005762170056412156
0.006141223165981741
0.006536164348350795
0.006948904388141158
0.007382243448738286
0.007840273069147927
0.008329890788702606
0.008859398562690707
0.009430259879213287
0.010042602670050664
0.0106951725613288
0.011384796991646967
0.012105759193920634
0.012848982334104836
0.013601206172416317
0.014344230113699912
0.015054194544570207
0.015701265489544182
0.016268590886810114
0.016842954283267354
0.01742768283576927
0.018002629014532194
0.01854286622909309
0.01901866463539678
0.01939607819375157
0.019638238661748603
0.01971287388429118
0.0197286280142585
0.01974258716255817
0.01975477776201908
0.019765227531347893
0.019773964310567136
0.019781015870425578
0.019786412079762016
0.0197901830733997
0.019792359345988067
0.01979188980400959
0.01967838045456966
0.019400204960515526
0.0189923449931787
0.018490897767778968
0.0179301284990225
0.01734050611671146
0.016747787337092812
0.01617282921384884
0.015597736494641452
0.01494081770086408
0.014226135736437252
0.0134814503221426
0.012729423891877195
0.011987816091727605
0.011269568573312443
0.0105836340473212
0.009935661180484875
0.009328709132625674
0.008763915297812794
0.008240995843835655
0.007757659476193624
0.007304102213312689
0.006874330169028093
0.006464675007217385
0.006072527085418797
0.005696179922765569
0.005334527198350634
0.004986967492405355
0.004653216352993532
0.004333234889461374
0.004027116802641395
0.003734065164250815
0.0034538436833685543
0.003187788102824685
0.0029366324672369
0.002700757119827979
0.0024801546670397833
0.002274724500487273
0.002083934332789184
0.0019072932645102846
0.001744122920945052
0.0015937233013192276
0.0014552964912362659
0.0013281262138000087
0.0012114255730836698
0.001104497847188551
0.0010066031541704269
0.0009170495832090096
0.00083519083689443
0.0007604239078609715
0.0006921867998103418
0.0006299563014306102
0.0005731629674867457
0.0005214209988252522
0.0004742746343301693
0.00043132592242993233
0.0003922153701872808
