1955/01/01 00:00:00 8 2
  -3.05  32.1433
  -9.45  32.1433
 -16.36  32.1433
 -23.90  32.1433
 -32.21  32.1451
 -41.48  32.1960
 -51.95  32.4620
 -63.88  32.9593
1955/02/01 00:00:00 8 2
  -3.05  32.3894
  -9.45  32.3894
 -16.36  32.3894
 -23.90  32.3894
 -32.21  32.3894
 -41.48  32.3982
 -51.95  32.4831
 -63.88  32.9227
1955/03/01 00:00:00 8 2
  -3.05  32.5978
  -9.45  32.5978
 -16.36  32.5978
 -23.90  32.5978
 -32.21  32.5978
 -41.48  32.5993
 -51.95  32.6215
 -63.88  33.0072
1955/04/01 00:00:00 8 2
  -3.05  32.7553
  -9.45  32.7553
 -16.36  32.7554
 -23.90  32.7599
 -32.21  32.7644
 -41.48  32.7718
 -51.95  32.7822
 -63.88  33.0801
1955/05/01 00:00:00 8 2
  -3.05  32.7397
  -9.45  32.7606
 -16.36  32.7977
 -23.90  32.8307
 -32.21  32.8670
 -41.48  32.8887
 -51.95  32.9159
 -63.88  33.2343
1955/06/01 00:00:00 8 2
  -3.05  31.8726
  -9.45  32.1255
 -16.36  32.4299
 -23.90  32.6867
 -32.21  32.8766
 -41.48  32.9172
 -51.95  32.9314
 -63.88  33.3671
1955/07/01 00:00:00 8 2
  -3.05  30.5472
  -9.45  30.8183
 -16.36  31.2584
 -23.90  31.8709
 -32.21  32.5437
 -41.48  32.7515
 -51.95  32.8732
 -63.88  33.4898
1955/08/01 00:00:00 8 2
  -3.05  29.9745
  -9.45  30.1991
 -16.36  30.6151
 -23.90  31.3672
 -32.21  32.3154
 -41.48  32.6742
 -51.95  32.9600
 -63.88  33.4537
1955/09/01 00:00:00 8 2
  -3.05  30.3093
  -9.45  30.3456
 -16.36  30.5402
 -23.90  31.1443
 -32.21  32.0427
 -41.48  32.4788
 -51.95  32.9958
 -63.88  33.4193
1955/10/01 00:00:00 8 2
  -3.05  30.9425
  -9.45  30.9431
 -16.36  30.9727
 -23.90  31.2873
 -32.21  31.9656
 -41.48  32.3932
 -51.95  32.9879
 -63.88  33.4190
1955/11/01 00:00:00 8 2
  -3.05  31.4457
  -9.45  31.4457
 -16.36  31.4459
 -23.90  31.4948
 -32.21  31.8263
 -41.48  32.1905
 -51.95  32.6616
 -63.88  33.2686
1955/12/01 00:00:00 8 2
  -3.05  31.7991
  -9.45  31.7991
 -16.36  31.7991
 -23.90  31.7991
 -32.21  31.8263
 -41.48  32.0283
 -51.95  32.4398
 -63.88  33.0459
1956/01/01 00:00:00 8 2
  -3.05  32.1433
  -9.45  32.1433
 -16.36  32.1433
 -23.90  32.1433
 -32.21  32.1451
 -41.48  32.1960
 -51.95  32.4620
 -63.88  32.9593
1956/02/01 00:00:00 8 2
  -3.05  32.3894
  -9.45  32.3894
 -16.36  32.3894
 -23.90  32.3894
 -32.21  32.3894
 -41.48  32.3982
 -51.95  32.4831
 -63.88  32.9227
1956/03/01 00:00:00 8 2
  -3.05  32.5978
  -9.45  32.5978
 -16.36  32.5978
 -23.90  32.5978
 -32.21  32.5978
 -41.48  32.5993
 -51.95  32.6215
 -63.88  33.0072
1956/04/01 00:00:00 8 2
  -3.05  32.7553
  -9.45  32.7553
 -16.36  32.7554
 -23.90  32.7599
 -32.21  32.7644
 -41.48  32.7718
 -51.95  32.7822
 -63.88  33.0801
1956/05/01 00:00:00 8 2
  -3.05  32.7397
  -9.45  32.7606
 -16.36  32.7977
 -23.90  32.8307
 -32.21  32.8670
 -41.48  32.8887
 -51.95  32.9159
 -63.88  33.2343
1956/06/01 00:00:00 8 2
  -3.05  31.8726
  -9.45  32.1255
 -16.36  32.4299
 -23.90  32.6867
 -32.21  32.8766
 -41.48  32.9172
 -51.95  32.9314
 -63.88  33.3671
1956/07/01 00:00:00 8 2
  -3.05  30.5472
  -9.45  30.8183
 -16.36  31.2584
 -23.90  31.8709
 -32.21  32.5437
 -41.48  32.7515
 -51.95  32.8732
 -63.88  33.4898
1956/08/01 00:00:00 8 2
  -3.05  29.9745
  -9.45  30.1991
 -16.36  30.6151
 -23.90  31.3672
 -32.21  32.3154
 -41.48  32.6742
 -51.95  32.9600
 -63.88  33.4537
1956/09/01 00:00:00 8 2
  -3.05  30.3093
  -9.45  30.3456
 -16.36  30.5402
 -23.90  31.1443
 -32.21  32.0427
 -41.48  32.4788
 -51.95  32.9958
 -63.88  33.4193
1956/10/01 00:00:00 8 2
  -3.05  30.9425
  -9.45  30.9431
 -16.36  30.9727
 -23.90  31.2873
 -32.21  31.9656
 -41.48  32.3932
 -51.95  32.9879
 -63.88  33.4190
1956/11/01 00:00:00 8 2
  -3.05  31.4457
  -9.45  31.4457
 -16.36  31.4459
 -23.90  31.4948
 -32.21  31.8263
 -41.48  32.1905
 -51.95  32.6616
 -63.88  33.2686
1956/12/01 00:00:00 8 2
  -3.05  31.7991
  -9.45  31.7991
 -16.36  31.7991
 -23.90  31.7991
 -32.21  31.8263
 -41.48  32.0283
 -51.95  32.4398
 -63.88  33.0459
1957/01/01 00:00:00 8 2
  -3.05  32.1433
  -9.45  32.1433
 -16.36  32.1433
 -23.90  32.1433
 -32.21  32.1451
 -41.48  32.1960
 -51.95  32.4620
 -63.88  32.9593
1957/02/01 00:00:00 8 2
  -3.05  32.3894
  -9.45  32.3894
 -16.36  32.3894
 -23.90  32.3894
 -32.21  32.3894
 -41.48  32.3982
 -51.95  32.4831
 -63.88  32.9227
1957/03/01 00:00:00 8 2
  -3.05  32.5978
  -9.45  32.5978
 -16.36  32.5978
 -23.90  32.5978
 -32.21  32.5978
 -41.48  32.5993
 -51.95  32.6215
 -63.88  33.0072
1957/04/01 00:00:00 8 2
  -3.05  32.7553
  -9.45  32.7553
 -16.36  32.7554
 -23.90  32.7599
 -32.21  32.7644
 -41.48  32.7718
 -51.95  32.7822
 -63.88  33.0801
1957/05/01 00:00:00 8 2
  -3.05  32.7397
  -9.45  32.7606
 -16.36  32.7977
 -23.90  32.8307
 -32.21  32.8670
 -41.48  32.8887
 -51.95  32.9159
 -63.88  33.2343
1957/06/01 00:00:00 8 2
  -3.05  31.8726
  -9.45  32.1255
 -16.36  32.4299
 -23.90  32.6867
 -32.21  32.8766
 -41.48  32.9172
 -51.95  32.9314
 -63.88  33.3671
1957/07/01 00:00:00 8 2
  -3.05  30.5472
  -9.45  30.8183
 -16.36  31.2584
 -23.90  31.8709
 -32.21  32.5437
 -41.48  32.7515
 -51.95  32.8732
 -63.88  33.4898
1957/08/01 00:00:00 8 2
  -3.05  29.9745
  -9.45  30.1991
 -16.36  30.6151
 -23.90  31.3672
 -32.21  32.3154
 -41.48  32.6742
 -51.95  32.9600
 -63.88  33.4537
1957/09/01 00:00:00 8 2
  -3.05  30.3093
  -9.45  30.3456
 -16.36  30.5402
 -23.90  31.1443
 -32.21  32.0427
 -41.48  32.4788
 -51.95  32.9958
 -63.88  33.4193
1957/10/01 00:00:00 8 2
  -3.05  30.9425
  -9.45  30.9431
 -16.36  30.9727
 -23.90  31.2873
 -32.21  31.9656
 -41.48  32.3932
 -51.95  32.9879
 -63.88  33.4190
1957/11/01 00:00:00 8 2
  -3.05  31.4457
  -9.45  31.4457
 -16.36  31.4459
 -23.90  31.4948
 -32.21  31.8263
 -41.48  32.1905
 -51.95  32.6616
 -63.88  33.2686
1957/12/01 00:00:00 8 2
  -3.05  31.7991
  -9.45  31.7991
 -16.36  31.7991
 -23.90  31.7991
 -32.21  31.8263
 -41.48  32.0283
 -51.95  32.4398
 -63.88  33.0459
1958/01/01 00:00:00 8 2
  -3.05  32.1433
  -9.45  32.1433
 -16.36  32.1433
 -23.90  32.1433
 -32.21  32.1451
 -41.48  32.1960
 -51.95  32.4620
 -63.88  32.9593
1958/02/01 00:00:00 8 2
  -3.05  32.3894
  -9.45  32.3894
 -16.36  32.3894
 -23.90  32.3894
 -32.21  32.3894
 -41.48  32.3982
 -51.95  32.4831
 -63.88  32.9227
1958/03/01 00:00:00 8 2
  -3.05  32.5978
  -9.45  32.5978
 -16.36  32.5978
 -23.90  32.5978
 -32.21  32.5978
 -41.48  32.5993
 -51.95  32.6215
 -63.88  33.0072
1958/04/01 00:00:00 8 2
  -3.05  32.7553
  -9.45  32.7553
 -16.36  32.7554
 -23.90  32.7599
 -32.21  32.7644
 -41.48  32.7718
 -51.95  32.7822
 -63.88  33.0801
1958/05/01 00:00:00 8 2
  -3.05  32.7397
  -9.45  32.7606
 -16.36  32.7977
 -23.90  32.8307
 -32.21  32.8670
 -41.48  32.8887
 -51.95  32.9159
 -63.88  33.2343
1958/06/01 00:00:00 8 2
  -3.05  31.8726
  -9.45  32.1255
 -16.36  32.4299
 -23.90  32.6867
 -32.21  32.8766
 -41.48  32.9172
 -51.95  32.9314
 -63.88  33.3671
1958/07/01 00:00:00 8 2
  -3.05  30.5472
  -9.45  30.8183
 -16.36  31.2584
 -23.90  31.8709
 -32.21  32.5437
 -41.48  32.7515
 -51.95  32.8732
 -63.88  33.4898
1958/08/01 00:00:00 8 2
  -3.05  29.9745
  -9.45  30.1991
 -16.36  30.6151
 -23.90  31.3672
 -32.21  32.3154
 -41.48  32.6742
 -51.95  32.9600
 -63.88  33.4537
1958/09/01 00:00:00 8 2
  -3.05  30.3093
  -9.45  30.3456
 -16.36  30.5402
 -23.90  31.1443
 -32.21  32.0427
 -41.48  32.4788
 -51.95  32.9958
 -63.88  33.4193
1958/10/01 00:00:00 8 2
  -3.05  30.9425
  -9.45  30.9431
 -16.36  30.9727
 -23.90  31.2873
 -32.21  31.9656
 -41.48  32.3932
 -51.95  32.9879
 -63.88  33.4190
1958/11/01 00:00:00 8 2
  -3.05  31.4457
  -9.45  31.4457
 -16.36  31.4459
 -23.90  31.4948
 -32.21  31.8263
 -41.48  32.1905
 -51.95  32.6616
 -63.88  33.2686
1958/12/01 00:00:00 8 2
  -3.05  31.7991
  -9.45  31.7991
 -16.36  31.7991
 -23.90  31.7991
 -32.21  31.8263
 -41.48  32.0283
 -51.95  32.4398
 -63.88  33.0459
1959/01/01 00:00:00 8 2
  -3.05  32.1433
  -9.45  32.1433
 -16.36  32.1433
 -23.90  32.1433
 -32.21  32.1451
 -41.48  32.1960
 -51.95  32.4620
 -63.88  32.9593
1959/02/01 00:00:00 8 2
  -3.05  32.3894
  -9.45  32.3894
 -16.36  32.3894
 -23.90  32.3894
 -32.21  32.3894
 -41.48  32.3982
 -51.95  32.4831
 -63.88  32.9227
1959/03/01 00:00:00 8 2
  -3.05  32.5978
  -9.45  32.5978
 -16.36  32.5978
 -23.90  32.5978
 -32.21  32.5978
 -41.48  32.5993
 -51.95  32.6215
 -63.88  33.0072
1959/04/01 00:00:00 8 2
  -3.05  32.7553
  -9.45  32.7553
 -16.36  32.7554
 -23.90  32.7599
 -32.21  32.7644
 -41.48  32.7718
 -51.95  32.7822
 -63.88  33.0801
1959/05/01 00:00:00 8 2
  -3.05  32.7397
  -9.45  32.7606
 -16.36  32.7977
 -23.90  32.8307
 -32.21  32.8670
 -41.48  32.8887
 -51.95  32.9159
 -63.88  33.2343
1959/06/01 00:00:00 8 2
  -3.05  31.8726
  -9.45  32.1255
 -16.36  32.4299
 -23.90  32.6867
 -32.21  32.8766
 -41.48  32.9172
 -51.95  32.9314
 -63.88  33.3671
1959/07/01 00:00:00 8 2
  -3.05  30.5472
  -9.45  30.8183
 -16.36  31.2584
 -23.90  31.8709
 -32.21  32.5437
 -41.48  32.7515
 -51.95  32.8732
 -63.88  33.4898
1959/08/01 00:00:00 8 2
  -3.05  29.9745
  -9.45  30.1991
 -16.36  30.6151
 -23.90  31.3672
 -32.21  32.3154
 -41.48  32.6742
 -51.95  32.9600
 -63.88  33.4537
1959/09/01 00:00:00 8 2
  -3.05  30.3093
  -9.45  30.3456
 -16.36  30.5402
 -23.90  31.1443
 -32.21  32.0427
 -41.48  32.4788
 -51.95  32.9958
 -63.88  33.4193
1959/10/01 00:00:00 8 2
  -3.05  30.9425
  -9.45  30.9431
 -16.36  30.9727
 -23.90  31.2873
 -32.21  31.9656
 -41.48  32.3932
 -51.95  32.9879
 -63.88  33.4190
1959/11/01 00:00:00 8 2
  -3.05  31.4457
  -9.45  31.4457
 -16.36  31.4459
 -23.90  31.4948
 -32.21  31.8263
 -41.48  32.1905
 -51.95  32.6616
 -63.88  33.2686
1959/12/01 00:00:00 8 2
  -3.05  31.7991
  -9.45  31.7991
 -16.36  31.7991
 -23.90  31.7991
 -32.21  31.8263
 -41.48  32.0283
 -51.95  32.4398
 -63.88  33.0459
1960/01/01 00:00:00 8 2
  -3.05  32.1433
  -9.45  32.1433
 -16.36  32.1433
 -23.90  32.1433
 -32.21  32.1451
 -41.48  32.1960
 -51.95  32.4620
 -63.88  32.9593
1960/02/01 00:00:00 8 2
  -3.05  32.3894
  -9.45  32.3894
 -16.36  32.3894
 -23.90  32.3894
 -32.21  32.3894
 -41.48  32.3982
 -51.95  32.4831
 -63.88  32.9227
1960/03/01 00:00:00 8 2
  -3.05  32.5978
  -9.45  32.5978
 -16.36  32.5978
 -23.90  32.5978
 -32.21  32.5978
 -41.48  32.5993
 -51.95  32.6215
 -63.88  33.0072
1960/04/01 00:00:00 8 2
  -3.05  32.7553
  -9.45  32.7553
 -16.36  32.7554
 -23.90  32.7599
 -32.21  32.7644
 -41.48  32.7718
 -51.95  32.7822
 -63.88  33.0801
1960/05/01 00:00:00 8 2
  -3.05  32.7397
  -9.45  32.7606
 -16.36  32.7977
 -23.90  32.8307
 -32.21  32.8670
 -41.48  32.8887
 -51.95  32.9159
 -63.88  33.2343
1960/06/01 00:00:00 8 2
  -3.05  31.8726
  -9.45  32.1255
 -16.36  32.4299
 -23.90  32.6867
 -32.21  32.8766
 -41.48  32.9172
 -51.95  32.9314
 -63.88  33.3671
1960/07/01 00:00:00 8 2
  -3.05  30.5472
  -9.45  30.8183
 -16.36  31.2584
 -23.90  31.8709
 -32.21  32.5437
 -41.48  32.7515
 -51.95  32.8732
 -63.88  33.4898
1960/08/01 00:00:00 8 2
  -3.05  29.9745
  -9.45  30.1991
 -16.36  30.6151
 -23.90  31.3672
 -32.21  32.3154
 -41.48  32.6742
 -51.95  32.9600
 -63.88  33.4537
1960/09/01 00:00:00 8 2
  -3.05  30.3093
  -9.45  30.3456
 -16.36  30.5402
 -23.90  31.1443
 -32.21  32.0427
 -41.48  32.4788
 -51.95  32.9958
 -63.88  33.4193
1960/10/01 00:00:00 8 2
  -3.05  30.9425
  -9.45  30.9431
 -16.36  30.9727
 -23.90  31.2873
 -32.21  31.9656
 -41.48  32.3932
 -51.95  32.9879
 -63.88  33.4190
1960/11/01 00:00:00 8 2
  -3.05  31.4457
  -9.45  31.4457
 -16.36  31.4459
 -23.90  31.4948
 -32.21  31.8263
 -41.48  32.1905
 -51.95  32.6616
 -63.88  33.2686
1960/12/01 00:00:00 8 2
  -3.05  31.7991
  -9.45  31.7991
 -16.36  31.7991
 -23.90  31.7991
 -32.21  31.8263
 -41.48  32.0283
 -51.95  32.4398
 -63.88  33.0459
1961/01/01 00:00:00 8 2
  -3.05  32.1433
  -9.45  32.1433
 -16.36  32.1433
 -23.90  32.1433
 -32.21  32.1451
 -41.48  32.1960
 -51.95  32.4620
 -63.88  32.9593
1961/02/01 00:00:00 8 2
  -3.05  32.3894
  -9.45  32.3894
 -16.36  32.3894
 -23.90  32.3894
 -32.21  32.3894
 -41.48  32.3982
 -51.95  32.4831
 -63.88  32.9227
1961/03/01 00:00:00 8 2
  -3.05  32.5978
  -9.45  32.5978
 -16.36  32.5978
 -23.90  32.5978
 -32.21  32.5978
 -41.48  32.5993
 -51.95  32.6215
 -63.88  33.0072
1961/04/01 00:00:00 8 2
  -3.05  32.7553
  -9.45  32.7553
 -16.36  32.7554
 -23.90  32.7599
 -32.21  32.7644
 -41.48  32.7718
 -51.95  32.7822
 -63.88  33.0801
1961/05/01 00:00:00 8 2
  -3.05  32.7397
  -9.45  32.7606
 -16.36  32.7977
 -23.90  32.8307
 -32.21  32.8670
 -41.48  32.8887
 -51.95  32.9159
 -63.88  33.2343
1961/06/01 00:00:00 8 2
  -3.05  31.8726
  -9.45  32.1255
 -16.36  32.4299
 -23.90  32.6867
 -32.21  32.8766
 -41.48  32.9172
 -51.95  32.9314
 -63.88  33.3671
1961/07/01 00:00:00 8 2
  -3.05  30.5472
  -9.45  30.8183
 -16.36  31.2584
 -23.90  31.8709
 -32.21  32.5437
 -41.48  32.7515
 -51.95  32.8732
 -63.88  33.4898
1961/08/01 00:00:00 8 2
  -3.05  29.9745
  -9.45  30.1991
 -16.36  30.6151
 -23.90  31.3672
 -32.21  32.3154
 -41.48  32.6742
 -51.95  32.9600
 -63.88  33.4537
1961/09/01 00:00:00 8 2
  -3.05  30.3093
  -9.45  30.3456
 -16.36  30.5402
 -23.90  31.1443
 -32.21  32.0427
 -41.48  32.4788
 -51.95  32.9958
 -63.88  33.4193
1961/10/01 00:00:00 8 2
  -3.05  30.9425
  -9.45  30.9431
 -16.36  30.9727
 -23.90  31.2873
 -32.21  31.9656
 -41.48  32.3932
 -51.95  32.9879
 -63.88  33.4190
1961/11/01 00:00:00 8 2
  -3.05  31.4457
  -9.45  31.4457
 -16.36  31.4459
 -23.90  31.4948
 -32.21  31.8263
 -41.48  32.1905
 -51.95  32.6616
 -63.88  33.2686
1961/12/01 00:00:00 8 2
  -3.05  31.7991
  -9.45  31.7991
 -16.36  31.7991
 -23.90  31.7991
 -32.21  31.8263
 -41.48  32.0283
 -51.95  32.4398
 -63.88  33.0459
1962/01/01 00:00:00 8 2
  -3.05  32.1433
  -9.45  32.1433
 -16.36  32.1433
 -23.90  32.1433
 -32.21  32.1451
 -41.48  32.1960
 -51.95  32.4620
 -63.88  32.9593
1962/02/01 00:00:00 8 2
  -3.05  32.3894
  -9.45  32.3894
 -16.36  32.3894
 -23.90  32.3894
 -32.21  32.3894
 -41.48  32.3982
 -51.95  32.4831
 -63.88  32.9227
1962/03/01 00:00:00 8 2
  -3.05  32.5978
  -9.45  32.5978
 -16.36  32.5978
 -23.90  32.5978
 -32.21  32.5978
 -41.48  32.5993
 -51.95  32.6215
 -63.88  33.0072
1962/04/01 00:00:00 8 2
  -3.05  32.7553
  -9.45  32.7553
 -16.36  32.7554
 -23.90  32.7599
 -32.21  32.7644
 -41.48  32.7718
 -51.95  32.7822
 -63.88  33.0801
1962/05/01 00:00:00 8 2
  -3.05  32.7397
  -9.45  32.7606
 -16.36  32.7977
 -23.90  32.8307
 -32.21  32.8670
 -41.48  32.8887
 -51.95  32.9159
 -63.88  33.2343
1962/06/01 00:00:00 8 2
  -3.05  31.8726
  -9.45  32.1255
 -16.36  32.4299
 -23.90  32.6867
 -32.21  32.8766
 -41.48  32.9172
 -51.95  32.9314
 -63.88  33.3671
1962/07/01 00:00:00 8 2
  -3.05  30.5472
  -9.45  30.8183
 -16.36  31.2584
 -23.90  31.8709
 -32.21  32.5437
 -41.48  32.7515
 -51.95  32.8732
 -63.88  33.4898
1962/08/01 00:00:00 8 2
  -3.05  29.9745
  -9.45  30.1991
 -16.36  30.6151
 -23.90  31.3672
 -32.21  32.3154
 -41.48  32.6742
 -51.95  32.9600
 -63.88  33.4537
1962/09/01 00:00:00 8 2
  -3.05  30.3093
  -9.45  30.3456
 -16.36  30.5402
 -23.90  31.1443
 -32.21  32.0427
 -41.48  32.4788
 -51.95  32.9958
 -63.88  33.4193
1962/10/01 00:00:00 8 2
  -3.05  30.9425
  -9.45  30.9431
 -16.36  30.9727
 -23.90  31.2873
 -32.21  31.9656
 -41.48  32.3932
 -51.95  32.9879
 -63.88  33.4190
1962/11/01 00:00:00 8 2
  -3.05  31.4457
  -9.45  31.4457
 -16.36  31.4459
 -23.90  31.4948
 -32.21  31.8263
 -41.48  32.1905
 -51.95  32.6616
 -63.88  33.2686
1962/12/01 00:00:00 8 2
  -3.05  31.7991
  -9.45  31.7991
 -16.36  31.7991
 -23.90  31.7991
 -32.21  31.8263
 -41.48  32.0283
 -51.95  32.4398
 -63.88  33.0459
1963/01/01 00:00:00 8 2
  -3.05  32.1433
  -9.45  32.1433
 -16.36  32.1433
 -23.90  32.1433
 -32.21  32.1451
 -41.48  32.1960
 -51.95  32.4620
 -63.88  32.9593
1963/02/01 00:00:00 8 2
  -3.05  32.3894
  -9.45  32.3894
 -16.36  32.3894
 -23.90  32.3894
 -32.21  32.3894
 -41.48  32.3982
 -51.95  32.4831
 -63.88  32.9227
1963/03/01 00:00:00 8 2
  -3.05  32.5978
  -9.45  32.5978
 -16.36  32.5978
 -23.90  32.5978
 -32.21  32.5978
 -41.48  32.5993
 -51.95  32.6215
 -63.88  33.0072
1963/04/01 00:00:00 8 2
  -3.05  32.7553
  -9.45  32.7553
 -16.36  32.7554
 -23.90  32.7599
 -32.21  32.7644
 -41.48  32.7718
 -51.95  32.7822
 -63.88  33.0801
1963/05/01 00:00:00 8 2
  -3.05  32.7397
  -9.45  32.7606
 -16.36  32.7977
 -23.90  32.8307
 -32.21  32.8670
 -41.48  32.8887
 -51.95  32.9159
 -63.88  33.2343
1963/06/01 00:00:00 8 2
  -3.05  31.8726
  -9.45  32.1255
 -16.36  32.4299
 -23.90  32.6867
 -32.21  32.8766
 -41.48  32.9172
 -51.95  32.9314
 -63.88  33.3671
1963/07/01 00:00:00 8 2
  -3.05  30.5472
  -9.45  30.8183
 -16.36  31.2584
 -23.90  31.8709
 -32.21  32.5437
 -41.48  32.7515
 -51.95  32.8732
 -63.88  33.4898
1963/08/01 00:00:00 8 2
  -3.05  29.9745
  -9.45  30.1991
 -16.36  30.6151
 -23.90  31.3672
 -32.21  32.3154
 -41.48  32.6742
 -51.95  32.9600
 -63.88  33.4537
1963/09/01 00:00:00 8 2
  -3.05  30.3093
  -9.45  30.3456
 -16.36  30.5402
 -23.90  31.1443
 -32.21  32.0427
 -41.48  32.4788
 -51.95  32.9958
 -63.88  33.4193
1963/10/01 00:00:00 8 2
  -3.05  30.9425
  -9.45  30.9431
 -16.36  30.9727
 -23.90  31.2873
 -32.21  31.9656
 -41.48  32.3932
 -51.95  32.9879
 -63.88  33.4190
1963/11/01 00:00:00 8 2
  -3.05  31.4457
  -9.45  31.4457
 -16.36  31.4459
 -23.90  31.4948
 -32.21  31.8263
 -41.48  32.1905
 -51.95  32.6616
 -63.88  33.2686
1963/12/01 00:00:00 8 2
  -3.05  31.7991
  -9.45  31.7991
 -16.36  31.7991
 -23.90  31.7991
 -32.21  31.8263
 -41.48  32.0283
 -51.95  32.4398
 -63.88  33.0459
1964/01/01 00:00:00 8 2
  -3.05  32.1433
  -9.45  32.1433
 -16.36  32.1433
 -23.90  32.1433
 -32.21  32.1451
 -41.48  32.1960
 -51.95  32.4620
 -63.88  32.9593
1964/02/01 00:00:00 8 2
  -3.05  32.3894
  -9.45  32.3894
 -16.36  32.3894
 -23.90  32.3894
 -32.21  32.3894
 -41.48  32.3982
 -51.95  32.4831
 -63.88  32.9227
1964/03/01 00:00:00 8 2
  -3.05  32.5978
  -9.45  32.5978
 -16.36  32.5978
 -23.90  32.5978
 -32.21  32.5978
 -41.48  32.5993
 -51.95  32.6215
 -63.88  33.0072
1964/04/01 00:00:00 8 2
  -3.05  32.7553
  -9.45  32.7553
 -16.36  32.7554
 -23.90  32.7599
 -32.21  32.7644
 -41.48  32.7718
 -51.95  32.7822
 -63.88  33.0801
1964/05/01 00:00:00 8 2
  -3.05  32.7397
  -9.45  32.7606
 -16.36  32.7977
 -23.90  32.8307
 -32.21  32.8670
 -41.48  32.8887
 -51.95  32.9159
 -63.88  33.2343
1964/06/01 00:00:00 8 2
  -3.05  31.8726
  -9.45  32.1255
 -16.36  32.4299
 -23.90  32.6867
 -32.21  32.8766
 -41.48  32.9172
 -51.95  32.9314
 -63.88  33.3671
1964/07/01 00:00:00 8 2
  -3.05  30.5472
  -9.45  30.8183
 -16.36  31.2584
 -23.90  31.8709
 -32.21  32.5437
 -41.48  32.7515
 -51.95  32.8732
 -63.88  33.4898
1964/08/01 00:00:00 8 2
  -3.05  29.9745
  -9.45  30.1991
 -16.36  30.6151
 -23.90  31.3672
 -32.21  32.3154
 -41.48  32.6742
 -51.95  32.9600
 -63.88  33.4537
1964/09/01 00:00:00 8 2
  -3.05  30.3093
  -9.45  30.3456
 -16.36  30.5402
 -23.90  31.1443
 -32.21  32.0427
 -41.48  32.4788
 -51.95  32.9958
 -63.88  33.4193
1964/10/01 00:00:00 8 2
  -3.05  30.9425
  -9.45  30.9431
 -16.36  30.9727
 -23.90  31.2873
 -32.21  31.9656
 -41.48  32.3932
 -51.95  32.9879
 -63.88  33.4190
1964/11/01 00:00:00 8 2
  -3.05  31.4457
  -9.45  31.4457
 -16.36  31.4459
 -23.90  31.4948
 -32.21  31.8263
 -41.48  32.1905
 -51.95  32.6616
 -63.88  33.2686
1964/12/01 00:00:00 8 2
  -3.05  31.7991
  -9.45  31.7991
 -16.36  31.7991
 -23.90  31.7991
 -32.21  31.8263
 -41.48  32.0283
 -51.95  32.4398
 -63.88  33.0459
1965/01/01 00:00:00 8 2
  -3.05  32.1433
  -9.45  32.1433
 -16.36  32.1433
 -23.90  32.1433
 -32.21  32.1451
 -41.48  32.1960
 -51.95  32.4620
 -63.88  32.9593
1965/02/01 00:00:00 8 2
  -3.05  32.3894
  -9.45  32.3894
 -16.36  32.3894
 -23.90  32.3894
 -32.21  32.3894
 -41.48  32.3982
 -51.95  32.4831
 -63.88  32.9227
1965/03/01 00:00:00 8 2
  -3.05  32.5978
  -9.45  32.5978
 -16.36  32.5978
 -23.90  32.5978
 -32.21  32.5978
 -41.48  32.5993
 -51.95  32.6215
 -63.88  33.0072
1965/04/01 00:00:00 8 2
  -3.05  32.7553
  -9.45  32.7553
 -16.36  32.7554
 -23.90  32.7599
 -32.21  32.7644
 -41.48  32.7718
 -51.95  32.7822
 -63.88  33.0801
1965/05/01 00:00:00 8 2
  -3.05  32.7397
  -9.45  32.7606
 -16.36  32.7977
 -23.90  32.8307
 -32.21  32.8670
 -41.48  32.8887
 -51.95  32.9159
 -63.88  33.2343
1965/06/01 00:00:00 8 2
  -3.05  31.8726
  -9.45  32.1255
 -16.36  32.4299
 -23.90  32.6867
 -32.21  32.8766
 -41.48  32.9172
 -51.95  32.9314
 -63.88  33.3671
1965/07/01 00:00:00 8 2
  -3.05  30.5472
  -9.45  30.8183
 -16.36  31.2584
 -23.90  31.8709
 -32.21  32.5437
 -41.48  32.7515
 -51.95  32.8732
 -63.88  33.4898
1965/08/01 00:00:00 8 2
  -3.05  29.9745
  -9.45  30.1991
 -16.36  30.6151
 -23.90  31.3672
 -32.21  32.3154
 -41.48  32.6742
 -51.95  32.9600
 -63.88  33.4537
1965/09/01 00:00:00 8 2
  -3.05  30.3093
  -9.45  30.3456
 -16.36  30.5402
 -23.90  31.1443
 -32.21  32.0427
 -41.48  32.4788
 -51.95  32.9958
 -63.88  33.4193
1965/10/01 00:00:00 8 2
  -3.05  30.9425
  -9.45  30.9431
 -16.36  30.9727
 -23.90  31.2873
 -32.21  31.9656
 -41.48  32.3932
 -51.95  32.9879
 -63.88  33.4190
1965/11/01 00:00:00 8 2
  -3.05  31.4457
  -9.45  31.4457
 -16.36  31.4459
 -23.90  31.4948
 -32.21  31.8263
 -41.48  32.1905
 -51.95  32.6616
 -63.88  33.2686
1965/12/01 00:00:00 8 2
  -3.05  31.7991
  -9.45  31.7991
 -16.36  31.7991
 -23.90  31.7991
 -32.21  31.8263
 -41.48  32.0283
 -51.95  32.4398
 -63.88  33.0459
1966/01/01 00:00:00 8 2
  -3.05  32.1433
  -9.45  32.1433
 -16.36  32.1433
 -23.90  32.1433
 -32.21  32.1451
 -41.48  32.1960
 -51.95  32.4620
 -63.88  32.9593
1966/02/01 00:00:00 8 2
  -3.05  32.3894
  -9.45  32.3894
 -16.36  32.3894
 -23.90  32.3894
 -32.21  32.3894
 -41.48  32.3982
 -51.95  32.4831
 -63.88  32.9227
1966/03/01 00:00:00 8 2
  -3.05  32.5978
  -9.45  32.5978
 -16.36  32.5978
 -23.90  32.5978
 -32.21  32.5978
 -41.48  32.5993
 -51.95  32.6215
 -63.88  33.0072
1966/04/01 00:00:00 8 2
  -3.05  32.7553
  -9.45  32.7553
 -16.36  32.7554
 -23.90  32.7599
 -32.21  32.7644
 -41.48  32.7718
 -51.95  32.7822
 -63.88  33.0801
1966/05/01 00:00:00 8 2
  -3.05  32.7397
  -9.45  32.7606
 -16.36  32.7977
 -23.90  32.8307
 -32.21  32.8670
 -41.48  32.8887
 -51.95  32.9159
 -63.88  33.2343
1966/06/01 00:00:00 8 2
  -3.05  31.8726
  -9.45  32.1255
 -16.36  32.4299
 -23.90  32.6867
 -32.21  32.8766
 -41.48  32.9172
 -51.95  32.9314
 -63.88  33.3671
1966/07/01 00:00:00 8 2
  -3.05  30.5472
  -9.45  30.8183
 -16.36  31.2584
 -23.90  31.8709
 -32.21  32.5437
 -41.48  32.7515
 -51.95  32.8732
 -63.88  33.4898
1966/08/01 00:00:00 8 2
  -3.05  29.9745
  -9.45  30.1991
 -16.36  30.6151
 -23.90  31.3672
 -32.21  32.3154
 -41.48  32.6742
 -51.95  32.9600
 -63.88  33.4537
1966/09/01 00:00:00 8 2
  -3.05  30.3093
  -9.45  30.3456
 -16.36  30.5402
 -23.90  31.1443
 -32.21  32.0427
 -41.48  32.4788
 -51.95  32.9958
 -63.88  33.4193
1966/10/01 00:00:00 8 2
  -3.05  30.9425
  -9.45  30.9431
 -16.36  30.9727
 -23.90  31.2873
 -32.21  31.9656
 -41.48  32.3932
 -51.95  32.9879
 -63.88  33.4190
1966/11/01 00:00:00 8 2
  -3.05  31.4457
  -9.45  31.4457
 -16.36  31.4459
 -23.90  31.4948
 -32.21  31.8263
 -41.48  32.1905
 -51.95  32.6616
 -63.88  33.2686
1966/12/01 00:00:00 8 2
  -3.05  31.7991
  -9.45  31.7991
 -16.36  31.7991
 -23.90  31.7991
 -32.21  31.8263
 -41.48  32.0283
 -51.95  32.4398
 -63.88  33.0459
1967/01/01 00:00:00 8 2
  -3.05  32.1433
  -9.45  32.1433
 -16.36  32.1433
 -23.90  32.1433
 -32.21  32.1451
 -41.48  32.1960
 -51.95  32.4620
 -63.88  32.9593
1967/02/01 00:00:00 8 2
  -3.05  32.3894
  -9.45  32.3894
 -16.36  32.3894
 -23.90  32.3894
 -32.21  32.3894
 -41.48  32.3982
 -51.95  32.4831
 -63.88  32.9227
1967/03/01 00:00:00 8 2
  -3.05  32.5978
  -9.45  32.5978
 -16.36  32.5978
 -23.90  32.5978
 -32.21  32.5978
 -41.48  32.5993
 -51.95  32.6215
 -63.88  33.0072
1967/04/01 00:00:00 8 2
  -3.05  32.7553
  -9.45  32.7553
 -16.36  32.7554
 -23.90  32.7599
 -32.21  32.7644
 -41.48  32.7718
 -51.95  32.7822
 -63.88  33.0801
1967/05/01 00:00:00 8 2
  -3.05  32.7397
  -9.45  32.7606
 -16.36  32.7977
 -23.90  32.8307
 -32.21  32.8670
 -41.48  32.8887
 -51.95  32.9159
 -63.88  33.2343
1967/06/01 00:00:00 8 2
  -3.05  31.8726
  -9.45  32.1255
 -16.36  32.4299
 -23.90  32.6867
 -32.21  32.8766
 -41.48  32.9172
 -51.95  32.9314
 -63.88  33.3671
1967/07/01 00:00:00 8 2
  -3.05  30.5472
  -9.45  30.8183
 -16.36  31.2584
 -23.90  31.8709
 -32.21  32.5437
 -41.48  32.7515
 -51.95  32.8732
 -63.88  33.4898
1967/08/01 00:00:00 8 2
  -3.05  29.9745
  -9.45  30.1991
 -16.36  30.6151
 -23.90  31.3672
 -32.21  32.3154
 -41.48  32.6742
 -51.95  32.9600
 -63.88  33.4537
1967/09/01 00:00:00 8 2
  -3.05  30.3093
  -9.45  30.3456
 -16.36  30.5402
 -23.90  31.1443
 -32.21  32.0427
 -41.48  32.4788
 -51.95  32.9958
 -63.88  33.4193
1967/10/01 00:00:00 8 2
  -3.05  30.9425
  -9.45  30.9431
 -16.36  30.9727
 -23.90  31.2873
 -32.21  31.9656
 -41.48  32.3932
 -51.95  32.9879
 -63.88  33.4190
1967/11/01 00:00:00 8 2
  -3.05  31.4457
  -9.45  31.4457
 -16.36  31.4459
 -23.90  31.4948
 -32.21  31.8263
 -41.48  32.1905
 -51.95  32.6616
 -63.88  33.2686
1967/12/01 00:00:00 8 2
  -3.05  31.7991
  -9.45  31.7991
 -16.36  31.7991
 -23.90  31.7991
 -32.21  31.8263
 -41.48  32.0283
 -51.95  32.4398
 -63.88  33.0459
1968/01/01 00:00:00 8 2
  -3.05  32.1433
  -9.45  32.1433
 -16.36  32.1433
 -23.90  32.1433
 -32.21  32.1451
 -41.48  32.1960
 -51.95  32.4620
 -63.88  32.9593
1968/02/01 00:00:00 8 2
  -3.05  32.3894
  -9.45  32.3894
 -16.36  32.3894
 -23.90  32.3894
 -32.21  32.3894
 -41.48  32.3982
 -51.95  32.4831
 -63.88  32.9227
1968/03/01 00:00:00 8 2
  -3.05  32.5978
  -9.45  32.5978
 -16.36  32.5978
 -23.90  32.5978
 -32.21  32.5978
 -41.48  32.5993
 -51.95  32.6215
 -63.88  33.0072
1968/04/01 00:00:00 8 2
  -3.05  32.7553
  -9.45  32.7553
 -16.36  32.7554
 -23.90  32.7599
 -32.21  32.7644
 -41.48  32.7718
 -51.95  32.7822
 -63.88  33.0801
1968/05/01 00:00:00 8 2
  -3.05  32.7397
  -9.45  32.7606
 -16.36  32.7977
 -23.90  32.8307
 -32.21  32.8670
 -41.48  32.8887
 -51.95  32.9159
 -63.88  33.2343
1968/06/01 00:00:00 8 2
  -3.05  31.8726
  -9.45  32.1255
 -16.36  32.4299
 -23.90  32.6867
 -32.21  32.8766
 -41.48  32.9172
 -51.95  32.9314
 -63.88  33.3671
1968/07/01 00:00:00 8 2
  -3.05  30.5472
  -9.45  30.8183
 -16.36  31.2584
 -23.90  31.8709
 -32.21  32.5437
 -41.48  32.7515
 -51.95  32.8732
 -63.88  33.4898
1968/08/01 00:00:00 8 2
  -3.05  29.9745
  -9.45  30.1991
 -16.36  30.6151
 -23.90  31.3672
 -32.21  32.3154
 -41.48  32.6742
 -51.95  32.9600
 -63.88  33.4537
1968/09/01 00:00:00 8 2
  -3.05  30.3093
  -9.45  30.3456
 -16.36  30.5402
 -23.90  31.1443
 -32.21  32.0427
 -41.48  32.4788
 -51.95  32.9958
 -63.88  33.4193
1968/10/01 00:00:00 8 2
  -3.05  30.9425
  -9.45  30.9431
 -16.36  30.9727
 -23.90  31.2873
 -32.21  31.9656
 -41.48  32.3932
 -51.95  32.9879
 -63.88  33.4190
1968/11/01 00:00:00 8 2
  -3.05  31.4457
  -9.45  31.4457
 -16.36  31.4459
 -23.90  31.4948
 -32.21  31.8263
 -41.48  32.1905
 -51.95  32.6616
 -63.88  33.2686
1968/12/01 00:00:00 8 2
  -3.05  31.7991
  -9.45  31.7991
 -16.36  31.7991
 -23.90  31.7991
 -32.21  31.8263
 -41.48  32.0283
 -51.95  32.4398
 -63.88  33.0459
1969/01/01 00:00:00 8 2
  -3.05  32.1433
  -9.45  32.1433
 -16.36  32.1433
 -23.90  32.1433
 -32.21  32.1451
 -41.48  32.1960
 -51.95  32.4620
 -63.88  32.9593
1969/02/01 00:00:00 8 2
  -3.05  32.3894
  -9.45  32.3894
 -16.36  32.3894
 -23.90  32.3894
 -32.21  32.3894
 -41.48  32.3982
 -51.95  32.4831
 -63.88  32.9227
1969/03/01 00:00:00 8 2
  -3.05  32.5978
  -9.45  32.5978
 -16.36  32.5978
 -23.90  32.5978
 -32.21  32.5978
 -41.48  32.5993
 -51.95  32.6215
 -63.88  33.0072
1969/04/01 00:00:00 8 2
  -3.05  32.7553
  -9.45  32.7553
 -16.36  32.7554
 -23.90  32.7599
 -32.21  32.7644
 -41.48  32.7718
 -51.95  32.7822
 -63.88  33.0801
1969/05/01 00:00:00 8 2
  -3.05  32.7397
  -9.45  32.7606
 -16.36  32.7977
 -23.90  32.8307
 -32.21  32.8670
 -41.48  32.8887
 -51.95  32.9159
 -63.88  33.2343
1969/06/01 00:00:00 8 2
  -3.05  31.8726
  -9.45  32.1255
 -16.36  32.4299
 -23.90  32.6867
 -32.21  32.8766
 -41.48  32.9172
 -51.95  32.9314
 -63.88  33.3671
1969/07/01 00:00:00 8 2
  -3.05  30.5472
  -9.45  30.8183
 -16.36  31.2584
 -23.90  31.8709
 -32.21  32.5437
 -41.48  32.7515
 -51.95  32.8732
 -63.88  33.4898
1969/08/01 00:00:00 8 2
  -3.05  29.9745
  -9.45  30.1991
 -16.36  30.6151
 -23.90  31.3672
 -32.21  32.3154
 -41.48  32.6742
 -51.95  32.9600
 -63.88  33.4537
1969/09/01 00:00:00 8 2
  -3.05  30.3093
  -9.45  30.3456
 -16.36  30.5402
 -23.90  31.1443
 -32.21  32.0427
 -41.48  32.4788
 -51.95  32.9958
 -63.88  33.4193
1969/10/01 00:00:00 8 2
  -3.05  30.9425
  -9.45  30.9431
 -16.36  30.9727
 -23.90  31.2873
 -32.21  31.9656
 -41.48  32.3932
 -51.95  32.9879
 -63.88  33.4190
1969/11/01 00:00:00 8 2
  -3.05  31.4457
  -9.45  31.4457
 -16.36  31.4459
 -23.90  31.4948
 -32.21  31.8263
 -41.48  32.1905
 -51.95  32.6616
 -63.88  33.2686
1969/12/01 00:00:00 8 2
  -3.05  31.7991
  -9.45  31.7991
 -16.36  31.7991
 -23.90  31.7991
 -32.21  31.8263
 -41.48  32.0283
 -51.95  32.4398
 -63.88  33.0459
1970/01/01 00:00:00 8 2
  -3.05  32.1433
  -9.45  32.1433
 -16.36  32.1433
 -23.90  32.1433
 -32.21  32.1451
 -41.48  32.1960
 -51.95  32.4620
 -63.88  32.9593
1970/02/01 00:00:00 8 2
  -3.05  32.3894
  -9.45  32.3894
 -16.36  32.3894
 -23.90  32.3894
 -32.21  32.3894
 -41.48  32.3982
 -51.95  32.4831
 -63.88  32.9227
1970/03/01 00:00:00 8 2
  -3.05  32.5978
  -9.45  32.5978
 -16.36  32.5978
 -23.90  32.5978
 -32.21  32.5978
 -41.48  32.5993
 -51.95  32.6215
 -63.88  33.0072
1970/04/01 00:00:00 8 2
  -3.05  32.7553
  -9.45  32.7553
 -16.36  32.7554
 -23.90  32.7599
 -32.21  32.7644
 -41.48  32.7718
 -51.95  32.7822
 -63.88  33.0801
1970/05/01 00:00:00 8 2
  -3.05  32.7397
  -9.45  32.7606
 -16.36  32.7977
 -23.90  32.8307
 -32.21  32.8670
 -41.48  32.8887
 -51.95  32.9159
 -63.88  33.2343
1970/06/01 00:00:00 8 2
  -3.05  31.8726
  -9.45  32.1255
 -16.36  32.4299
 -23.90  32.6867
 -32.21  32.8766
 -41.48  32.9172
 -51.95  32.9314
 -63.88  33.3671
1970/07/01 00:00:00 8 2
  -3.05  30.5472
  -9.45  30.8183
 -16.36  31.2584
 -23.90  31.8709
 -32.21  32.5437
 -41.48  32.7515
 -51.95  32.8732
 -63.88  33.4898
1970/08/01 00:00:00 8 2
  -3.05  29.9745
  -9.45  30.1991
 -16.36  30.6151
 -23.90  31.3672
 -32.21  32.3154
 -41.48  32.6742
 -51.95  32.9600
 -63.88  33.4537
1970/09/01 00:00:00 8 2
  -3.05  30.3093
  -9.45  30.3456
 -16.36  30.5402
 -23.90  31.1443
 -32.21  32.0427
 -41.48  32.4788
 -51.95  32.9958
 -63.88  33.4193
1970/10/01 00:00:00 8 2
  -3.05  30.9425
  -9.45  30.9431
 -16.36  30.9727
 -23.90  31.2873
 -32.21  31.9656
 -41.48  32.3932
 -51.95  32.9879
 -63.88  33.4190
1970/11/01 00:00:00 8 2
  -3.05  31.4457
  -9.45  31.4457
 -16.36  31.4459
 -23.90  31.4948
 -32.21  31.8263
 -41.48  32.1905
 -51.95  32.6616
 -63.88  33.2686
1970/12/01 00:00:00 8 2
  -3.05  31.7991
  -9.45  31.7991
 -16.36  31.7991
 -23.90  31.7991
 -32.21  31.8263
 -41.48  32.0283
 -51.95  32.4398
 -63.88  33.0459
1971/01/01 00:00:00 8 2
  -3.05  32.1433
  -9.45  32.1433
 -16.36  32.1433
 -23.90  32.1433
 -32.21  32.1451
 -41.48  32.1960
 -51.95  32.4620
 -63.88  32.9593
1971/02/01 00:00:00 8 2
  -3.05  32.3894
  -9.45  32.3894
 -16.36  32.3894
 -23.90  32.3894
 -32.21  32.3894
 -41.48  32.3982
 -51.95  32.4831
 -63.88  32.9227
1971/03/01 00:00:00 8 2
  -3.05  32.5978
  -9.45  32.5978
 -16.36  32.5978
 -23.90  32.5978
 -32.21  32.5978
 -41.48  32.5993
 -51.95  32.6215
 -63.88  33.0072
1971/04/01 00:00:00 8 2
  -3.05  32.7553
  -9.45  32.7553
 -16.36  32.7554
 -23.90  32.7599
 -32.21  32.7644
 -41.48  32.7718
 -51.95  32.7822
 -63.88  33.0801
1971/05/01 00:00:00 8 2
  -3.05  32.7397
  -9.45  32.7606
 -16.36  32.7977
 -23.90  32.8307
 -32.21  32.8670
 -41.48  32.8887
 -51.95  32.9159
 -63.88  33.2343
1971/06/01 00:00:00 8 2
  -3.05  31.8726
  -9.45  32.1255
 -16.36  32.4299
 -23.90  32.6867
 -32.21  32.8766
 -41.48  32.9172
 -51.95  32.9314
 -63.88  33.3671
1971/07/01 00:00:00 8 2
  -3.05  30.5472
  -9.45  30.8183
 -16.36  31.2584
 -23.90  31.8709
 -32.21  32.5437
 -41.48  32.7515
 -51.95  32.8732
 -63.88  33.4898
1971/08/01 00:00:00 8 2
  -3.05  29.9745
  -9.45  30.1991
 -16.36  30.6151
 -23.90  31.3672
 -32.21  32.3154
 -41.48  32.6742
 -51.95  32.9600
 -63.88  33.4537
1971/09/01 00:00:00 8 2
  -3.05  30.3093
  -9.45  30.3456
 -16.36  30.5402
 -23.90  31.1443
 -32.21  32.0427
 -41.48  32.4788
 -51.95  32.9958
 -63.88  33.4193
1971/10/01 00:00:00 8 2
  -3.05  30.9425
  -9.45  30.9431
 -16.36  30.9727
 -23.90  31.2873
 -32.21  31.9656
 -41.48  32.3932
 -51.95  32.9879
 -63.88  33.4190
1971/11/01 00:00:00 8 2
  -3.05  31.4457
  -9.45  31.4457
 -16.36  31.4459
 -23.90  31.4948
 -32.21  31.8263
 -41.48  32.1905
 -51.95  32.6616
 -63.88  33.2686
1971/12/01 00:00:00 8 2
  -3.05  31.7991
  -9.45  31.7991
 -16.36  31.7991
 -23.90  31.7991
 -32.21  31.8263
 -41.48  32.0283
 -51.95  32.4398
 -63.88  33.0459
1972/01/01 00:00:00 8 2
  -3.05  32.1433
  -9.45  32.1433
 -16.36  32.1433
 -23.90  32.1433
 -32.21  32.1451
 -41.48  32.1960
 -51.95  32.4620
 -63.88  32.9593
1972/02/01 00:00:00 8 2
  -3.05  32.3894
  -9.45  32.3894
 -16.36  32.3894
 -23.90  32.3894
 -32.21  32.3894
 -41.48  32.3982
 -51.95  32.4831
 -63.88  32.9227
1972/03/01 00:00:00 8 2
  -3.05  32.5978
  -9.45  32.5978
 -16.36  32.5978
 -23.90  32.5978
 -32.21  32.5978
 -41.48  32.5993
 -51.95  32.6215
 -63.88  33.0072
1972/04/01 00:00:00 8 2
  -3.05  32.7553
  -9.45  32.7553
 -16.36  32.7554
 -23.90  32.7599
 -32.21  32.7644
 -41.48  32.7718
 -51.95  32.7822
 -63.88  33.0801
1972/05/01 00:00:00 8 2
  -3.05  32.7397
  -9.45  32.7606
 -16.36  32.7977
 -23.90  32.8307
 -32.21  32.8670
 -41.48  32.8887
 -51.95  32.9159
 -63.88  33.2343
1972/06/01 00:00:00 8 2
  -3.05  31.8726
  -9.45  32.1255
 -16.36  32.4299
 -23.90  32.6867
 -32.21  32.8766
 -41.48  32.9172
 -51.95  32.9314
 -63.88  33.3671
1972/07/01 00:00:00 8 2
  -3.05  30.5472
  -9.45  30.8183
 -16.36  31.2584
 -23.90  31.8709
 -32.21  32.5437
 -41.48  32.7515
 -51.95  32.8732
 -63.88  33.4898
1972/08/01 00:00:00 8 2
  -3.05  29.9745
  -9.45  30.1991
 -16.36  30.6151
 -23.90  31.3672
 -32.21  32.3154
 -41.48  32.6742
 -51.95  32.9600
 -63.88  33.4537
1972/09/01 00:00:00 8 2
  -3.05  30.3093
  -9.45  30.3456
 -16.36  30.5402
 -23.90  31.1443
 -32.21  32.0427
 -41.48  32.4788
 -51.95  32.9958
 -63.88  33.4193
1972/10/01 00:00:00 8 2
  -3.05  30.9425
  -9.45  30.9431
 -16.36  30.9727
 -23.90  31.2873
 -32.21  31.9656
 -41.48  32.3932
 -51.95  32.9879
 -63.88  33.4190
1972/11/01 00:00:00 8 2
  -3.05  31.4457
  -9.45  31.4457
 -16.36  31.4459
 -23.90  31.4948
 -32.21  31.8263
 -41.48  32.1905
 -51.95  32.6616
 -63.88  33.2686
1972/12/01 00:00:00 8 2
  -3.05  31.7991
  -9.45  31.7991
 -16.36  31.7991
 -23.90  31.7991
 -32.21  31.8263
 -41.48  32.0283
 -51.95  32.4398
 -63.88  33.0459
1973/01/01 00:00:00 8 2
  -3.05  32.1433
  -9.45  32.1433
 -16.36  32.1433
 -23.90  32.1433
 -32.21  32.1451
 -41.48  32.1960
 -51.95  32.4620
 -63.88  32.9593
1973/02/01 00:00:00 8 2
  -3.05  32.3894
  -9.45  32.3894
 -16.36  32.3894
 -23.90  32.3894
 -32.21  32.3894
 -41.48  32.3982
 -51.95  32.4831
 -63.88  32.9227
1973/03/01 00:00:00 8 2
  -3.05  32.5978
  -9.45  32.5978
 -16.36  32.5978
 -23.90  32.5978
 -32.21  32.5978
 -41.48  32.5993
 -51.95  32.6215
 -63.88  33.0072
1973/04/01 00:00:00 8 2
  -3.05  32.7553
  -9.45  32.7553
 -16.36  32.7554
 -23.90  32.7599
 -32.21  32.7644
 -41.48  32.7718
 -51.95  32.7822
 -63.88  33.0801
1973/05/01 00:00:00 8 2
  -3.05  32.7397
  -9.45  32.7606
 -16.36  32.7977
 -23.90  32.8307
 -32.21  32.8670
 -41.48  32.8887
 -51.95  32.9159
 -63.88  33.2343
1973/06/01 00:00:00 8 2
  -3.05  31.8726
  -9.45  32.1255
 -16.36  32.4299
 -23.90  32.6867
 -32.21  32.8766
 -41.48  32.9172
 -51.95  32.9314
 -63.88  33.3671
1973/07/01 00:00:00 8 2
  -3.05  30.5472
  -9.45  30.8183
 -16.36  31.2584
 -23.90  31.8709
 -32.21  32.5437
 -41.48  32.7515
 -51.95  32.8732
 -63.88  33.4898
1973/08/01 00:00:00 8 2
  -3.05  29.9745
  -9.45  30.1991
 -16.36  30.6151
 -23.90  31.3672
 -32.21  32.3154
 -41.48  32.6742
 -51.95  32.9600
 -63.88  33.4537
1973/09/01 00:00:00 8 2
  -3.05  30.3093
  -9.45  30.3456
 -16.36  30.5402
 -23.90  31.1443
 -32.21  32.0427
 -41.48  32.4788
 -51.95  32.9958
 -63.88  33.4193
1973/10/01 00:00:00 8 2
  -3.05  30.9425
  -9.45  30.9431
 -16.36  30.9727
 -23.90  31.2873
 -32.21  31.9656
 -41.48  32.3932
 -51.95  32.9879
 -63.88  33.4190
1973/11/01 00:00:00 8 2
  -3.05  31.4457
  -9.45  31.4457
 -16.36  31.4459
 -23.90  31.4948
 -32.21  31.8263
 -41.48  32.1905
 -51.95  32.6616
 -63.88  33.2686
1973/12/01 00:00:00 8 2
  -3.05  31.7991
  -9.45  31.7991
 -16.36  31.7991
 -23.90  31.7991
 -32.21  31.8263
 -41.48  32.0283
 -51.95  32.4398
 -63.88  33.0459
1974/01/01 00:00:00 8 2
  -3.05  32.1433
  -9.45  32.1433
 -16.36  32.1433
 -23.90  32.1433
 -32.21  32.1451
 -41.48  32.1960
 -51.95  32.4620
 -63.88  32.9593
1974/02/01 00:00:00 8 2
  -3.05  32.3894
  -9.45  32.3894
 -16.36  32.3894
 -23.90  32.3894
 -32.21  32.3894
 -41.48  32.3982
 -51.95  32.4831
 -63.88  32.9227
1974/03/01 00:00:00 8 2
  -3.05  32.5978
  -9.45  32.5978
 -16.36  32.5978
 -23.90  32.5978
 -32.21  32.5978
 -41.48  32.5993
 -51.95  32.6215
 -63.88  33.0072
1974/04/01 00:00:00 8 2
  -3.05  32.7553
  -9.45  32.7553
 -16.36  32.7554
 -23.90  32.7599
 -32.21  32.7644
 -41.48  32.7718
 -51.95  32.7822
 -63.88  33.0801
1974/05/01 00:00:00 8 2
  -3.05  32.7397
  -9.45  32.7606
 -16.36  32.7977
 -23.90  32.8307
 -32.21  32.8670
 -41.48  32.8887
 -51.95  32.9159
 -63.88  33.2343
1974/06/01 00:00:00 8 2
  -3.05  31.8726
  -9.45  32.1255
 -16.36  32.4299
 -23.90  32.6867
 -32.21  32.8766
 -41.48  32.9172
 -51.95  32.9314
 -63.88  33.3671
1974/07/01 00:00:00 8 2
  -3.05  30.5472
  -9.45  30.8183
 -16.36  31.2584
 -23.90  31.8709
 -32.21  32.5437
 -41.48  32.7515
 -51.95  32.8732
 -63.88  33.4898
1974/08/01 00:00:00 8 2
  -3.05  29.9745
  -9.45  30.1991
 -16.36  30.6151
 -23.90  31.3672
 -32.21  32.3154
 -41.48  32.6742
 -51.95  32.9600
 -63.88  33.4537
1974/09/01 00:00:00 8 2
  -3.05  30.3093
  -9.45  30.3456
 -16.36  30.5402
 -23.90  31.1443
 -32.21  32.0427
 -41.48  32.4788
 -51.95  32.9958
 -63.88  33.4193
1974/10/01 00:00:00 8 2
  -3.05  30.9425
  -9.45  30.9431
 -16.36  30.9727
 -23.90  31.2873
 -32.21  31.9656
 -41.48  32.3932
 -51.95  32.9879
 -63.88  33.4190
1974/11/01 00:00:00 8 2
  -3.05  31.4457
  -9.45  31.4457
 -16.36  31.4459
 -23.90  31.4948
 -32.21  31.8263
 -41.48  32.1905
 -51.95  32.6616
 -63.88  33.2686
1974/12/01 00:00:00 8 2
  -3.05  31.7991
  -9.45  31.7991
 -16.36  31.7991
 -23.90  31.7991
 -32.21  31.8263
 -41.48  32.0283
 -51.95  32.4398
 -63.88  33.0459
1975/01/01 00:00:00 8 2
  -3.05  32.1433
  -9.45  32.1433
 -16.36  32.1433
 -23.90  32.1433
 -32.21  32.1451
 -41.48  32.1960
 -51.95  32.4620
 -63.88  32.9593
1975/02/01 00:00:00 8 2
  -3.05  32.3894
  -9.45  32.3894
 -16.36  32.3894
 -23.90  32.3894
 -32.21  32.3894
 -41.48  32.3982
 -51.95  32.4831
 -63.88  32.9227
1975/03/01 00:00:00 8 2
  -3.05  32.5978
  -9.45  32.5978
 -16.36  32.5978
 -23.90  32.5978
 -32.21  32.5978
 -41.48  32.5993
 -51.95  32.6215
 -63.88  33.0072
1975/04/01 00:00:00 8 2
  -3.05  32.7553
  -9.45  32.7553
 -16.36  32.7554
 -23.90  32.7599
 -32.21  32.7644
 -41.48  32.7718
 -51.95  32.7822
 -63.88  33.0801
1975/05/01 00:00:00 8 2
  -3.05  32.7397
  -9.45  32.7606
 -16.36  32.7977
 -23.90  32.8307
 -32.21  32.8670
 -41.48  32.8887
 -51.95  32.9159
 -63.88  33.2343
1975/06/01 00:00:00 8 2
  -3.05  31.8726
  -9.45  32.1255
 -16.36  32.4299
 -23.90  32.6867
 -32.21  32.8766
 -41.48  32.9172
 -51.95  32.9314
 -63.88  33.3671
1975/07/01 00:00:00 8 2
  -3.05  30.5472
  -9.45  30.8183
 -16.36  31.2584
 -23.90  31.8709
 -32.21  32.5437
 -41.48  32.7515
 -51.95  32.8732
 -63.88  33.4898
1975/08/01 00:00:00 8 2
  -3.05  29.9745
  -9.45  30.1991
 -16.36  30.6151
 -23.90  31.3672
 -32.21  32.3154
 -41.48  32.6742
 -51.95  32.9600
 -63.88  33.4537
1975/09/01 00:00:00 8 2
  -3.05  30.3093
  -9.45  30.3456
 -16.36  30.5402
 -23.90  31.1443
 -32.21  32.0427
 -41.48  32.4788
 -51.95  32.9958
 -63.88  33.4193
1975/10/01 00:00:00 8 2
  -3.05  30.9425
  -9.45  30.9431
 -16.36  30.9727
 -23.90  31.2873
 -32.21  31.9656
 -41.48  32.3932
 -51.95  32.9879
 -63.88  33.4190
1975/11/01 00:00:00 8 2
  -3.05  31.4457
  -9.45  31.4457
 -16.36  31.4459
 -23.90  31.4948
 -32.21  31.8263
 -41.48  32.1905
 -51.95  32.6616
 -63.88  33.2686
1975/12/01 00:00:00 8 2
  -3.05  31.7991
  -9.45  31.7991
 -16.36  31.7991
 -23.90  31.7991
 -32.21  31.8263
 -41.48  32.0283
 -51.95  32.4398
 -63.88  33.0459
1976/01/01 00:00:00 8 2
  -3.05  32.1433
  -9.45  32.1433
 -16.36  32.1433
 -23.90  32.1433
 -32.21  32.1451
 -41.48  32.1960
 -51.95  32.4620
 -63.88  32.9593
1976/02/01 00:00:00 8 2
  -3.05  32.3894
  -9.45  32.3894
 -16.36  32.3894
 -23.90  32.3894
 -32.21  32.3894
 -41.48  32.3982
 -51.95  32.4831
 -63.88  32.9227
1976/03/01 00:00:00 8 2
  -3.05  32.5978
  -9.45  32.5978
 -16.36  32.5978
 -23.90  32.5978
 -32.21  32.5978
 -41.48  32.5993
 -51.95  32.6215
 -63.88  33.0072
1976/04/01 00:00:00 8 2
  -3.05  32.7553
  -9.45  32.7553
 -16.36  32.7554
 -23.90  32.7599
 -32.21  32.7644
 -41.48  32.7718
 -51.95  32.7822
 -63.88  33.0801
1976/05/01 00:00:00 8 2
  -3.05  32.7397
  -9.45  32.7606
 -16.36  32.7977
 -23.90  32.8307
 -32.21  32.8670
 -41.48  32.8887
 -51.95  32.9159
 -63.88  33.2343
1976/06/01 00:00:00 8 2
  -3.05  31.8726
  -9.45  32.1255
 -16.36  32.4299
 -23.90  32.6867
 -32.21  32.8766
 -41.48  32.9172
 -51.95  32.9314
 -63.88  33.3671
1976/07/01 00:00:00 8 2
  -3.05  30.5472
  -9.45  30.8183
 -16.36  31.2584
 -23.90  31.8709
 -32.21  32.5437
 -41.48  32.7515
 -51.95  32.8732
 -63.88  33.4898
1976/08/01 00:00:00 8 2
  -3.05  29.9745
  -9.45  30.1991
 -16.36  30.6151
 -23.90  31.3672
 -32.21  32.3154
 -41.48  32.6742
 -51.95  32.9600
 -63.88  33.4537
1976/09/01 00:00:00 8 2
  -3.05  30.3093
  -9.45  30.3456
 -16.36  30.5402
 -23.90  31.1443
 -32.21  32.0427
 -41.48  32.4788
 -51.95  32.9958
 -63.88  33.4193
1976/10/01 00:00:00 8 2
  -3.05  30.9425
  -9.45  30.9431
 -16.36  30.9727
 -23.90  31.2873
 -32.21  31.9656
 -41.48  32.3932
 -51.95  32.9879
 -63.88  33.4190
1976/11/01 00:00:00 8 2
  -3.05  31.4457
  -9.45  31.4457
 -16.36  31.4459
 -23.90  31.4948
 -32.21  31.8263
 -41.48  32.1905
 -51.95  32.6616
 -63.88  33.2686
1976/12/01 00:00:00 8 2
  -3.05  31.7991
  -9.45  31.7991
 -16.36  31.7991
 -23.90  31.7991
 -32.21  31.8263
 -41.48  32.0283
 -51.95  32.4398
 -63.88  33.0459
1977/01/01 00:00:00 8 2
  -3.05  32.1433
  -9.45  32.1433
 -16.36  32.1433
 -23.90  32.1433
 -32.21  32.1451
 -41.48  32.1960
 -51.95  32.4620
 -63.88  32.9593
1977/02/01 00:00:00 8 2
  -3.05  32.3894
  -9.45  32.3894
 -16.36  32.3894
 -23.90  32.3894
 -32.21  32.3894
 -41.48  32.3982
 -51.95  32.4831
 -63.88  32.9227
1977/03/01 00:00:00 8 2
  -3.05  32.5978
  -9.45  32.5978
 -16.36  32.5978
 -23.90  32.5978
 -32.21  32.5978
 -41.48  32.5993
 -51.95  32.6215
 -63.88  33.0072
1977/04/01 00:00:00 8 2
  -3.05  32.7553
  -9.45  32.7553
 -16.36  32.7554
 -23.90  32.7599
 -32.21  32.7644
 -41.48  32.7718
 -51.95  32.7822
 -63.88  33.0801
1977/05/01 00:00:00 8 2
  -3.05  32.7397
  -9.45  32.7606
 -16.36  32.7977
 -23.90  32.8307
 -32.21  32.8670
 -41.48  32.8887
 -51.95  32.9159
 -63.88  33.2343
1977/06/01 00:00:00 8 2
  -3.05  31.8726
  -9.45  32.1255
 -16.36  32.4299
 -23.90  32.6867
 -32.21  32.8766
 -41.48  32.9172
 -51.95  32.9314
 -63.88  33.3671
1977/07/01 00:00:00 8 2
  -3.05  30.5472
  -9.45  30.8183
 -16.36  31.2584
 -23.90  31.8709
 -32.21  32.5437
 -41.48  32.7515
 -51.95  32.8732
 -63.88  33.4898
1977/08/01 00:00:00 8 2
  -3.05  29.9745
  -9.45  30.1991
 -16.36  30.6151
 -23.90  31.3672
 -32.21  32.3154
 -41.48  32.6742
 -51.95  32.9600
 -63.88  33.4537
1977/09/01 00:00:00 8 2
  -3.05  30.3093
  -9.45  30.3456
 -16.36  30.5402
 -23.90  31.1443
 -32.21  32.0427
 -41.48  32.4788
 -51.95  32.9958
 -63.88  33.4193
1977/10/01 00:00:00 8 2
  -3.05  30.9425
  -9.45  30.9431
 -16.36  30.9727
 -23.90  31.2873
 -32.21  31.9656
 -41.48  32.3932
 -51.95  32.9879
 -63.88  33.4190
1977/11/01 00:00:00 8 2
  -3.05  31.4457
  -9.45  31.4457
 -16.36  31.4459
 -23.90  31.4948
 -32.21  31.8263
 -41.48  32.1905
 -51.95  32.6616
 -63.88  33.2686
1977/12/01 00:00:00 8 2
  -3.05  31.7991
  -9.45  31.7991
 -16.36  31.7991
 -23.90  31.7991
 -32.21  31.8263
 -41.48  32.0283
 -51.95  32.4398
 -63.88  33.0459
1978/01/01 00:00:00 8 2
  -3.05  32.1433
  -9.45  32.1433
 -16.36  32.1433
 -23.90  32.1433
 -32.21  32.1451
 -41.48  32.1960
 -51.95  32.4620
 -63.88  32.9593
1978/02/01 00:00:00 8 2
  -3.05  32.3894
  -9.45  32.3894
 -16.36  32.3894
 -23.90  32.3894
 -32.21  32.3894
 -41.48  32.3982
 -51.95  32.4831
 -63.88  32.9227
1978/03/01 00:00:00 8 2
  -3.05  32.5978
  -9.45  32.5978
 -16.36  32.5978
 -23.90  32.5978
 -32.21  32.5978
 -41.48  32.5993
 -51.95  32.6215
 -63.88  33.0072
1978/04/01 00:00:00 8 2
  -3.05  32.7553
  -9.45  32.7553
 -16.36  32.7554
 -23.90  32.7599
 -32.21  32.7644
 -41.48  32.7718
 -51.95  32.7822
 -63.88  33.0801
1978/05/01 00:00:00 8 2
  -3.05  32.7397
  -9.45  32.7606
 -16.36  32.7977
 -23.90  32.8307
 -32.21  32.8670
 -41.48  32.8887
 -51.95  32.9159
 -63.88  33.2343
1978/06/01 00:00:00 8 2
  -3.05  31.8726
  -9.45  32.1255
 -16.36  32.4299
 -23.90  32.6867
 -32.21  32.8766
 -41.48  32.9172
 -51.95  32.9314
 -63.88  33.3671
1978/07/01 00:00:00 8 2
  -3.05  30.5472
  -9.45  30.8183
 -16.36  31.2584
 -23.90  31.8709
 -32.21  32.5437
 -41.48  32.7515
 -51.95  32.8732
 -63.88  33.4898
1978/08/01 00:00:00 8 2
  -3.05  29.9745
  -9.45  30.1991
 -16.36  30.6151
 -23.90  31.3672
 -32.21  32.3154
 -41.48  32.6742
 -51.95  32.9600
 -63.88  33.4537
1978/09/01 00:00:00 8 2
  -3.05  30.3093
  -9.45  30.3456
 -16.36  30.5402
 -23.90  31.1443
 -32.21  32.0427
 -41.48  32.4788
 -51.95  32.9958
 -63.88  33.4193
1978/10/01 00:00:00 8 2
  -3.05  30.9425
  -9.45  30.9431
 -16.36  30.9727
 -23.90  31.2873
 -32.21  31.9656
 -41.48  32.3932
 -51.95  32.9879
 -63.88  33.4190
1978/11/01 00:00:00 8 2
  -3.05  31.4457
  -9.45  31.4457
 -16.36  31.4459
 -23.90  31.4948
 -32.21  31.8263
 -41.48  32.1905
 -51.95  32.6616
 -63.88  33.2686
1978/12/01 00:00:00 8 2
  -3.05  31.7991
  -9.45  31.7991
 -16.36  31.7991
 -23.90  31.7991
 -32.21  31.8263
 -41.48  32.0283
 -51.95  32.4398
 -63.88  33.0459
1979/01/01 00:00:00 8 2
  -3.05  32.1433
  -9.45  32.1433
 -16.36  32.1433
 -23.90  32.1433
 -32.21  32.1451
 -41.48  32.1960
 -51.95  32.4620
 -63.88  32.9593
1979/02/01 00:00:00 8 2
  -3.05  32.3894
  -9.45  32.3894
 -16.36  32.3894
 -23.90  32.3894
 -32.21  32.3894
 -41.48  32.3982
 -51.95  32.4831
 -63.88  32.9227
1979/03/01 00:00:00 8 2
  -3.05  32.5978
  -9.45  32.5978
 -16.36  32.5978
 -23.90  32.5978
 -32.21  32.5978
 -41.48  32.5993
 -51.95  32.6215
 -63.88  33.0072
1979/04/01 00:00:00 8 2
  -3.05  32.7553
  -9.45  32.7553
 -16.36  32.7554
 -23.90  32.7599
 -32.21  32.7644
 -41.48  32.7718
 -51.95  32.7822
 -63.88  33.0801
1979/05/01 00:00:00 8 2
  -3.05  32.7397
  -9.45  32.7606
 -16.36  32.7977
 -23.90  32.8307
 -32.21  32.8670
 -41.48  32.8887
 -51.95  32.9159
 -63.88  33.2343
1979/06/01 00:00:00 8 2
  -3.05  31.8726
  -9.45  32.1255
 -16.36  32.4299
 -23.90  32.6867
 -32.21  32.8766
 -41.48  32.9172
 -51.95  32.9314
 -63.88  33.3671
1979/07/01 00:00:00 8 2
  -3.05  30.5472
  -9.45  30.8183
 -16.36  31.2584
 -23.90  31.8709
 -32.21  32.5437
 -41.48  32.7515
 -51.95  32.8732
 -63.88  33.4898
1979/08/01 00:00:00 8 2
  -3.05  29.9745
  -9.45  30.1991
 -16.36  30.6151
 -23.90  31.3672
 -32.21  32.3154
 -41.48  32.6742
 -51.95  32.9600
 -63.88  33.4537
1979/09/01 00:00:00 8 2
  -3.05  30.3093
  -9.45  30.3456
 -16.36  30.5402
 -23.90  31.1443
 -32.21  32.0427
 -41.48  32.4788
 -51.95  32.9958
 -63.88  33.4193
1979/10/01 00:00:00 8 2
  -3.05  30.9425
  -9.45  30.9431
 -16.36  30.9727
 -23.90  31.2873
 -32.21  31.9656
 -41.48  32.3932
 -51.95  32.9879
 -63.88  33.4190
1979/11/01 00:00:00 8 2
  -3.05  31.4457
  -9.45  31.4457
 -16.36  31.4459
 -23.90  31.4948
 -32.21  31.8263
 -41.48  32.1905
 -51.95  32.6616
 -63.88  33.2686
1979/12/01 00:00:00 8 2
  -3.05  31.7991
  -9.45  31.7991
 -16.36  31.7991
 -23.90  31.7991
 -32.21  31.8263
 -41.48  32.0283
 -51.95  32.4398
 -63.88  33.0459
1980/01/01 00:00:00 8 2
  -3.05  32.1433
  -9.45  32.1433
 -16.36  32.1433
 -23.90  32.1433
 -32.21  32.1451
 -41.48  32.1960
 -51.95  32.4620
 -63.88  32.9593
1980/02/01 00:00:00 8 2
  -3.05  32.3894
  -9.45  32.3894
 -16.36  32.3894
 -23.90  32.3894
 -32.21  32.3894
 -41.48  32.3982
 -51.95  32.4831
 -63.88  32.9227
1980/03/01 00:00:00 8 2
  -3.05  32.5978
  -9.45  32.5978
 -16.36  32.5978
 -23.90  32.5978
 -32.21  32.5978
 -41.48  32.5993
 -51.95  32.6215
 -63.88  33.0072
1980/04/01 00:00:00 8 2
  -3.05  32.7553
  -9.45  32.7553
 -16.36  32.7554
 -23.90  32.7599
 -32.21  32.7644
 -41.48  32.7718
 -51.95  32.7822
 -63.88  33.0801
1980/05/01 00:00:00 8 2
  -3.05  32.7397
  -9.45  32.7606
 -16.36  32.7977
 -23.90  32.8307
 -32.21  32.8670
 -41.48  32.8887
 -51.95  32.9159
 -63.88  33.2343
1980/06/01 00:00:00 8 2
  -3.05  31.8726
  -9.45  32.1255
 -16.36  32.4299
 -23.90  32.6867
 -32.21  32.8766
 -41.48  32.9172
 -51.95  32.9314
 -63.88  33.3671
1980/07/01 00:00:00 8 2
  -3.05  30.5472
  -9.45  30.8183
 -16.36  31.2584
 -23.90  31.8709
 -32.21  32.5437
 -41.48  32.7515
 -51.95  32.8732
 -63.88  33.4898
1980/08/01 00:00:00 8 2
  -3.05  29.9745
  -9.45  30.1991
 -16.36  30.6151
 -23.90  31.3672
 -32.21  32.3154
 -41.48  32.6742
 -51.95  32.9600
 -63.88  33.4537
1980/09/01 00:00:00 8 2
  -3.05  30.3093
  -9.45  30.3456
 -16.36  30.5402
 -23.90  31.1443
 -32.21  32.0427
 -41.48  32.4788
 -51.95  32.9958
 -63.88  33.4193
1980/10/01 00:00:00 8 2
  -3.05  30.9425
  -9.45  30.9431
 -16.36  30.9727
 -23.90  31.2873
 -32.21  31.9656
 -41.48  32.3932
 -51.95  32.9879
 -63.88  33.4190
1980/11/01 00:00:00 8 2
  -3.05  31.4457
  -9.45  31.4457
 -16.36  31.4459
 -23.90  31.4948
 -32.21  31.8263
 -41.48  32.1905
 -51.95  32.6616
 -63.88  33.2686
1980/12/01 00:00:00 8 2
  -3.05  31.7991
  -9.45  31.7991
 -16.36  31.7991
 -23.90  31.7991
 -32.21  31.8263
 -41.48  32.0283
 -51.95  32.4398
 -63.88  33.0459
1981/01/01 00:00:00 8 2
  -3.05  32.1433
  -9.45  32.1433
 -16.36  32.1433
 -23.90  32.1433
 -32.21  32.1451
 -41.48  32.1960
 -51.95  32.4620
 -63.88  32.9593
1981/02/01 00:00:00 8 2
  -3.05  32.3894
  -9.45  32.3894
 -16.36  32.3894
 -23.90  32.3894
 -32.21  32.3894
 -41.48  32.3982
 -51.95  32.4831
 -63.88  32.9227
1981/03/01 00:00:00 8 2
  -3.05  32.5978
  -9.45  32.5978
 -16.36  32.5978
 -23.90  32.5978
 -32.21  32.5978
 -41.48  32.5993
 -51.95  32.6215
 -63.88  33.0072
1981/04/01 00:00:00 8 2
  -3.05  32.7553
  -9.45  32.7553
 -16.36  32.7554
 -23.90  32.7599
 -32.21  32.7644
 -41.48  32.7718
 -51.95  32.7822
 -63.88  33.0801
1981/05/01 00:00:00 8 2
  -3.05  32.7397
  -9.45  32.7606
 -16.36  32.7977
 -23.90  32.8307
 -32.21  32.8670
 -41.48  32.8887
 -51.95  32.9159
 -63.88  33.2343
1981/06/01 00:00:00 8 2
  -3.05  31.8726
  -9.45  32.1255
 -16.36  32.4299
 -23.90  32.6867
 -32.21  32.8766
 -41.48  32.9172
 -51.95  32.9314
 -63.88  33.3671
1981/07/01 00:00:00 8 2
  -3.05  30.5472
  -9.45  30.8183
 -16.36  31.2584
 -23.90  31.8709
 -32.21  32.5437
 -41.48  32.7515
 -51.95  32.8732
 -63.88  33.4898
1981/08/01 00:00:00 8 2
  -3.05  29.9745
  -9.45  30.1991
 -16.36  30.6151
 -23.90  31.3672
 -32.21  32.3154
 -41.48  32.6742
 -51.95  32.9600
 -63.88  33.4537
1981/09/01 00:00:00 8 2
  -3.05  30.3093
  -9.45  30.3456
 -16.36  30.5402
 -23.90  31.1443
 -32.21  32.0427
 -41.48  32.4788
 -51.95  32.9958
 -63.88  33.4193
1981/10/01 00:00:00 8 2
  -3.05  30.9425
  -9.45  30.9431
 -16.36  30.9727
 -23.90  31.2873
 -32.21  31.9656
 -41.48  32.3932
 -51.95  32.9879
 -63.88  33.4190
1981/11/01 00:00:00 8 2
  -3.05  31.4457
  -9.45  31.4457
 -16.36  31.4459
 -23.90  31.4948
 -32.21  31.8263
 -41.48  32.1905
 -51.95  32.6616
 -63.88  33.2686
1981/12/01 00:00:00 8 2
  -3.05  31.7991
  -9.45  31.7991
 -16.36  31.7991
 -23.90  31.7991
 -32.21  31.8263
 -41.48  32.0283
 -51.95  32.4398
 -63.88  33.0459
1982/01/01 00:00:00 8 2
  -3.05  32.1433
  -9.45  32.1433
 -16.36  32.1433
 -23.90  32.1433
 -32.21  32.1451
 -41.48  32.1960
 -51.95  32.4620
 -63.88  32.9593
1982/02/01 00:00:00 8 2
  -3.05  32.3894
  -9.45  32.3894
 -16.36  32.3894
 -23.90  32.3894
 -32.21  32.3894
 -41.48  32.3982
 -51.95  32.4831
 -63.88  32.9227
1982/03/01 00:00:00 8 2
  -3.05  32.5978
  -9.45  32.5978
 -16.36  32.5978
 -23.90  32.5978
 -32.21  32.5978
 -41.48  32.5993
 -51.95  32.6215
 -63.88  33.0072
1982/04/01 00:00:00 8 2
  -3.05  32.7553
  -9.45  32.7553
 -16.36  32.7554
 -23.90  32.7599
 -32.21  32.7644
 -41.48  32.7718
 -51.95  32.7822
 -63.88  33.0801
1982/05/01 00:00:00 8 2
  -3.05  32.7397
  -9.45  32.7606
 -16.36  32.7977
 -23.90  32.8307
 -32.21  32.8670
 -41.48  32.8887
 -51.95  32.9159
 -63.88  33.2343
1982/06/01 00:00:00 8 2
  -3.05  31.8726
  -9.45  32.1255
 -16.36  32.4299
 -23.90  32.6867
 -32.21  32.8766
 -41.48  32.9172
 -51.95  32.9314
 -63.88  33.3671
1982/07/01 00:00:00 8 2
  -3.05  30.5472
  -9.45  30.8183
 -16.36  31.2584
 -23.90  31.8709
 -32.21  32.5437
 -41.48  32.7515
 -51.95  32.8732
 -63.88  33.4898
1982/08/01 00:00:00 8 2
  -3.05  29.9745
  -9.45  30.1991
 -16.36  30.6151
 -23.90  31.3672
 -32.21  32.3154
 -41.48  32.6742
 -51.95  32.9600
 -63.88  33.4537
1982/09/01 00:00:00 8 2
  -3.05  30.3093
  -9.45  30.3456
 -16.36  30.5402
 -23.90  31.1443
 -32.21  32.0427
 -41.48  32.4788
 -51.95  32.9958
 -63.88  33.4193
1982/10/01 00:00:00 8 2
  -3.05  30.9425
  -9.45  30.9431
 -16.36  30.9727
 -23.90  31.2873
 -32.21  31.9656
 -41.48  32.3932
 -51.95  32.9879
 -63.88  33.4190
1982/11/01 00:00:00 8 2
  -3.05  31.4457
  -9.45  31.4457
 -16.36  31.4459
 -23.90  31.4948
 -32.21  31.8263
 -41.48  32.1905
 -51.95  32.6616
 -63.88  33.2686
1982/12/01 00:00:00 8 2
  -3.05  31.7991
  -9.45  31.7991
 -16.36  31.7991
 -23.90  31.7991
 -32.21  31.8263
 -41.48  32.0283
 -51.95  32.4398
 -63.88  33.0459
1983/01/01 00:00:00 8 2
  -3.05  32.1433
  -9.45  32.1433
 -16.36  32.1433
 -23.90  32.1433
 -32.21  32.1451
 -41.48  32.1960
 -51.95  32.4620
 -63.88  32.9593
1983/02/01 00:00:00 8 2
  -3.05  32.3894
  -9.45  32.3894
 -16.36  32.3894
 -23.90  32.3894
 -32.21  32.3894
 -41.48  32.3982
 -51.95  32.4831
 -63.88  32.9227
1983/03/01 00:00:00 8 2
  -3.05  32.5978
  -9.45  32.5978
 -16.36  32.5978
 -23.90  32.5978
 -32.21  32.5978
 -41.48  32.5993
 -51.95  32.6215
 -63.88  33.0072
1983/04/01 00:00:00 8 2
  -3.05  32.7553
  -9.45  32.7553
 -16.36  32.7554
 -23.90  32.7599
 -32.21  32.7644
 -41.48  32.7718
 -51.95  32.7822
 -63.88  33.0801
1983/05/01 00:00:00 8 2
  -3.05  32.7397
  -9.45  32.7606
 -16.36  32.7977
 -23.90  32.8307
 -32.21  32.8670
 -41.48  32.8887
 -51.95  32.9159
 -63.88  33.2343
1983/06/01 00:00:00 8 2
  -3.05  31.8726
  -9.45  32.1255
 -16.36  32.4299
 -23.90  32.6867
 -32.21  32.8766
 -41.48  32.9172
 -51.95  32.9314
 -63.88  33.3671
1983/07/01 00:00:00 8 2
  -3.05  30.5472
  -9.45  30.8183
 -16.36  31.2584
 -23.90  31.8709
 -32.21  32.5437
 -41.48  32.7515
 -51.95  32.8732
 -63.88  33.4898
1983/08/01 00:00:00 8 2
  -3.05  29.9745
  -9.45  30.1991
 -16.36  30.6151
 -23.90  31.3672
 -32.21  32.3154
 -41.48  32.6742
 -51.95  32.9600
 -63.88  33.4537
1983/09/01 00:00:00 8 2
  -3.05  30.3093
  -9.45  30.3456
 -16.36  30.5402
 -23.90  31.1443
 -32.21  32.0427
 -41.48  32.4788
 -51.95  32.9958
 -63.88  33.4193
1983/10/01 00:00:00 8 2
  -3.05  30.9425
  -9.45  30.9431
 -16.36  30.9727
 -23.90  31.2873
 -32.21  31.9656
 -41.48  32.3932
 -51.95  32.9879
 -63.88  33.4190
1983/11/01 00:00:00 8 2
  -3.05  31.4457
  -9.45  31.4457
 -16.36  31.4459
 -23.90  31.4948
 -32.21  31.8263
 -41.48  32.1905
 -51.95  32.6616
 -63.88  33.2686
1983/12/01 00:00:00 8 2
  -3.05  31.7991
  -9.45  31.7991
 -16.36  31.7991
 -23.90  31.7991
 -32.21  31.8263
 -41.48  32.0283
 -51.95  32.4398
 -63.88  33.0459
1984/01/01 00:00:00 8 2
  -3.05  32.1433
  -9.45  32.1433
 -16.36  32.1433
 -23.90  32.1433
 -32.21  32.1451
 -41.48  32.1960
 -51.95  32.4620
 -63.88  32.9593
1984/02/01 00:00:00 8 2
  -3.05  32.3894
  -9.45  32.3894
 -16.36  32.3894
 -23.90  32.3894
 -32.21  32.3894
 -41.48  32.3982
 -51.95  32.4831
 -63.88  32.9227
1984/03/01 00:00:00 8 2
  -3.05  32.5978
  -9.45  32.5978
 -16.36  32.5978
 -23.90  32.5978
 -32.21  32.5978
 -41.48  32.5993
 -51.95  32.6215
 -63.88  33.0072
1984/04/01 00:00:00 8 2
  -3.05  32.7553
  -9.45  32.7553
 -16.36  32.7554
 -23.90  32.7599
 -32.21  32.7644
 -41.48  32.7718
 -51.95  32.7822
 -63.88  33.0801
1984/05/01 00:00:00 8 2
  -3.05  32.7397
  -9.45  32.7606
 -16.36  32.7977
 -23.90  32.8307
 -32.21  32.8670
 -41.48  32.8887
 -51.95  32.9159
 -63.88  33.2343
1984/06/01 00:00:00 8 2
  -3.05  31.8726
  -9.45  32.1255
 -16.36  32.4299
 -23.90  32.6867
 -32.21  32.8766
 -41.48  32.9172
 -51.95  32.9314
 -63.88  33.3671
1984/07/01 00:00:00 8 2
  -3.05  30.5472
  -9.45  30.8183
 -16.36  31.2584
 -23.90  31.8709
 -32.21  32.5437
 -41.48  32.7515
 -51.95  32.8732
 -63.88  33.4898
1984/08/01 00:00:00 8 2
  -3.05  29.9745
  -9.45  30.1991
 -16.36  30.6151
 -23.90  31.3672
 -32.21  32.3154
 -41.48  32.6742
 -51.95  32.9600
 -63.88  33.4537
1984/09/01 00:00:00 8 2
  -3.05  30.3093
  -9.45  30.3456
 -16.36  30.5402
 -23.90  31.1443
 -32.21  32.0427
 -41.48  32.4788
 -51.95  32.9958
 -63.88  33.4193
1984/10/01 00:00:00 8 2
  -3.05  30.9425
  -9.45  30.9431
 -16.36  30.9727
 -23.90  31.2873
 -32.21  31.9656
 -41.48  32.3932
 -51.95  32.9879
 -63.88  33.4190
1984/11/01 00:00:00 8 2
  -3.05  31.4457
  -9.45  31.4457
 -16.36  31.4459
 -23.90  31.4948
 -32.21  31.8263
 -41.48  32.1905
 -51.95  32.6616
 -63.88  33.2686
1984/12/01 00:00:00 8 2
  -3.05  31.7991
  -9.45  31.7991
 -16.36  31.7991
 -23.90  31.7991
 -32.21  31.8263
 -41.48  32.0283
 -51.95  32.4398
 -63.88  33.0459
1985/01/01 00:00:00 8 2
  -3.05  32.1433
  -9.45  32.1433
 -16.36  32.1433
 -23.90  32.1433
 -32.21  32.1451
 -41.48  32.1960
 -51.95  32.4620
 -63.88  32.9593
1985/02/01 00:00:00 8 2
  -3.05  32.3894
  -9.45  32.3894
 -16.36  32.3894
 -23.90  32.3894
 -32.21  32.3894
 -41.48  32.3982
 -51.95  32.4831
 -63.88  32.9227
1985/03/01 00:00:00 8 2
  -3.05  32.5978
  -9.45  32.5978
 -16.36  32.5978
 -23.90  32.5978
 -32.21  32.5978
 -41.48  32.5993
 -51.95  32.6215
 -63.88  33.0072
1985/04/01 00:00:00 8 2
  -3.05  32.7553
  -9.45  32.7553
 -16.36  32.7554
 -23.90  32.7599
 -32.21  32.7644
 -41.48  32.7718
 -51.95  32.7822
 -63.88  33.0801
1985/05/01 00:00:00 8 2
  -3.05  32.7397
  -9.45  32.7606
 -16.36  32.7977
 -23.90  32.8307
 -32.21  32.8670
 -41.48  32.8887
 -51.95  32.9159
 -63.88  33.2343
1985/06/01 00:00:00 8 2
  -3.05  31.8726
  -9.45  32.1255
 -16.36  32.4299
 -23.90  32.6867
 -32.21  32.8766
 -41.48  32.9172
 -51.95  32.9314
 -63.88  33.3671
1985/07/01 00:00:00 8 2
  -3.05  30.5472
  -9.45  30.8183
 -16.36  31.2584
 -23.90  31.8709
 -32.21  32.5437
 -41.48  32.7515
 -51.95  32.8732
 -63.88  33.4898
1985/08/01 00:00:00 8 2
  -3.05  29.9745
  -9.45  30.1991
 -16.36  30.6151
 -23.90  31.3672
 -32.21  32.3154
 -41.48  32.6742
 -51.95  32.9600
 -63.88  33.4537
1985/09/01 00:00:00 8 2
  -3.05  30.3093
  -9.45  30.3456
 -16.36  30.5402
 -23.90  31.1443
 -32.21  32.0427
 -41.48  32.4788
 -51.95  32.9958
 -63.88  33.4193
1985/10/01 00:00:00 8 2
  -3.05  30.9425
  -9.45  30.9431
 -16.36  30.9727
 -23.90  31.2873
 -32.21  31.9656
 -41.48  32.3932
 -51.95  32.9879
 -63.88  33.4190
1985/11/01 00:00:00 8 2
  -3.05  31.4457
  -9.45  31.4457
 -16.36  31.4459
 -23.90  31.4948
 -32.21  31.8263
 -41.48  32.1905
 -51.95  32.6616
 -63.88  33.2686
1985/12/01 00:00:00 8 2
  -3.05  31.7991
  -9.45  31.7991
 -16.36  31.7991
 -23.90  31.7991
 -32.21  31.8263
 -41.48  32.0283
 -51.95  32.4398
 -63.88  33.0459
1986/01/01 00:00:00 8 2
  -3.05  32.1433
  -9.45  32.1433
 -16.36  32.1433
 -23.90  32.1433
 -32.21  32.1451
 -41.48  32.1960
 -51.95  32.4620
 -63.88  32.9593
1986/02/01 00:00:00 8 2
  -3.05  32.3894
  -9.45  32.3894
 -16.36  32.3894
 -23.90  32.3894
 -32.21  32.3894
 -41.48  32.3982
 -51.95  32.4831
 -63.88  32.9227
1986/03/01 00:00:00 8 2
  -3.05  32.5978
  -9.45  32.5978
 -16.36  32.5978
 -23.90  32.5978
 -32.21  32.5978
 -41.48  32.5993
 -51.95  32.6215
 -63.88  33.0072
1986/04/01 00:00:00 8 2
  -3.05  32.7553
  -9.45  32.7553
 -16.36  32.7554
 -23.90  32.7599
 -32.21  32.7644
 -41.48  32.7718
 -51.95  32.7822
 -63.88  33.0801
1986/05/01 00:00:00 8 2
  -3.05  32.7397
  -9.45  32.7606
 -16.36  32.7977
 -23.90  32.8307
 -32.21  32.8670
 -41.48  32.8887
 -51.95  32.9159
 -63.88  33.2343
1986/06/01 00:00:00 8 2
  -3.05  31.8726
  -9.45  32.1255
 -16.36  32.4299
 -23.90  32.6867
 -32.21  32.8766
 -41.48  32.9172
 -51.95  32.9314
 -63.88  33.3671
1986/07/01 00:00:00 8 2
  -3.05  30.5472
  -9.45  30.8183
 -16.36  31.2584
 -23.90  31.8709
 -32.21  32.5437
 -41.48  32.7515
 -51.95  32.8732
 -63.88  33.4898
1986/08/01 00:00:00 8 2
  -3.05  29.9745
  -9.45  30.1991
 -16.36  30.6151
 -23.90  31.3672
 -32.21  32.3154
 -41.48  32.6742
 -51.95  32.9600
 -63.88  33.4537
1986/09/01 00:00:00 8 2
  -3.05  30.3093
  -9.45  30.3456
 -16.36  30.5402
 -23.90  31.1443
 -32.21  32.0427
 -41.48  32.4788
 -51.95  32.9958
 -63.88  33.4193
1986/10/01 00:00:00 8 2
  -3.05  30.9425
  -9.45  30.9431
 -16.36  30.9727
 -23.90  31.2873
 -32.21  31.9656
 -41.48  32.3932
 -51.95  32.9879
 -63.88  33.4190
1986/11/01 00:00:00 8 2
  -3.05  31.4457
  -9.45  31.4457
 -16.36  31.4459
 -23.90  31.4948
 -32.21  31.8263
 -41.48  32.1905
 -51.95  32.6616
 -63.88  33.2686
1986/12/01 00:00:00 8 2
  -3.05  31.7991
  -9.45  31.7991
 -16.36  31.7991
 -23.90  31.7991
 -32.21  31.8263
 -41.48  32.0283
 -51.95  32.4398
 -63.88  33.0459
1987/01/01 00:00:00 8 2
  -3.05  32.1433
  -9.45  32.1433
 -16.36  32.1433
 -23.90  32.1433
 -32.21  32.1451
 -41.48  32.1960
 -51.95  32.4620
 -63.88  32.9593
1987/02/01 00:00:00 8 2
  -3.05  32.3894
  -9.45  32.3894
 -16.36  32.3894
 -23.90  32.3894
 -32.21  32.3894
 -41.48  32.3982
 -51.95  32.4831
 -63.88  32.9227
1987/03/01 00:00:00 8 2
  -3.05  32.5978
  -9.45  32.5978
 -16.36  32.5978
 -23.90  32.5978
 -32.21  32.5978
 -41.48  32.5993
 -51.95  32.6215
 -63.88  33.0072
1987/04/01 00:00:00 8 2
  -3.05  32.7553
  -9.45  32.7553
 -16.36  32.7554
 -23.90  32.7599
 -32.21  32.7644
 -41.48  32.7718
 -51.95  32.7822
 -63.88  33.0801
1987/05/01 00:00:00 8 2
  -3.05  32.7397
  -9.45  32.7606
 -16.36  32.7977
 -23.90  32.8307
 -32.21  32.8670
 -41.48  32.8887
 -51.95  32.9159
 -63.88  33.2343
1987/06/01 00:00:00 8 2
  -3.05  31.8726
  -9.45  32.1255
 -16.36  32.4299
 -23.90  32.6867
 -32.21  32.8766
 -41.48  32.9172
 -51.95  32.9314
 -63.88  33.3671
1987/07/01 00:00:00 8 2
  -3.05  30.5472
  -9.45  30.8183
 -16.36  31.2584
 -23.90  31.8709
 -32.21  32.5437
 -41.48  32.7515
 -51.95  32.8732
 -63.88  33.4898
1987/08/01 00:00:00 8 2
  -3.05  29.9745
  -9.45  30.1991
 -16.36  30.6151
 -23.90  31.3672
 -32.21  32.3154
 -41.48  32.6742
 -51.95  32.9600
 -63.88  33.4537
1987/09/01 00:00:00 8 2
  -3.05  30.3093
  -9.45  30.3456
 -16.36  30.5402
 -23.90  31.1443
 -32.21  32.0427
 -41.48  32.4788
 -51.95  32.9958
 -63.88  33.4193
1987/10/01 00:00:00 8 2
  -3.05  30.9425
  -9.45  30.9431
 -16.36  30.9727
 -23.90  31.2873
 -32.21  31.9656
 -41.48  32.3932
 -51.95  32.9879
 -63.88  33.4190
1987/11/01 00:00:00 8 2
  -3.05  31.4457
  -9.45  31.4457
 -16.36  31.4459
 -23.90  31.4948
 -32.21  31.8263
 -41.48  32.1905
 -51.95  32.6616
 -63.88  33.2686
1987/12/01 00:00:00 8 2
  -3.05  31.7991
  -9.45  31.7991
 -16.36  31.7991
 -23.90  31.7991
 -32.21  31.8263
 -41.48  32.0283
 -51.95  32.4398
 -63.88  33.0459
1988/01/01 00:00:00 8 2
  -3.05  32.1433
  -9.45  32.1433
 -16.36  32.1433
 -23.90  32.1433
 -32.21  32.1451
 -41.48  32.1960
 -51.95  32.4620
 -63.88  32.9593
1988/02/01 00:00:00 8 2
  -3.05  32.3894
  -9.45  32.3894
 -16.36  32.3894
 -23.90  32.3894
 -32.21  32.3894
 -41.48  32.3982
 -51.95  32.4831
 -63.88  32.9227
1988/03/01 00:00:00 8 2
  -3.05  32.5978
  -9.45  32.5978
 -16.36  32.5978
 -23.90  32.5978
 -32.21  32.5978
 -41.48  32.5993
 -51.95  32.6215
 -63.88  33.0072
1988/04/01 00:00:00 8 2
  -3.05  32.7553
  -9.45  32.7553
 -16.36  32.7554
 -23.90  32.7599
 -32.21  32.7644
 -41.48  32.7718
 -51.95  32.7822
 -63.88  33.0801
1988/05/01 00:00:00 8 2
  -3.05  32.7397
  -9.45  32.7606
 -16.36  32.7977
 -23.90  32.8307
 -32.21  32.8670
 -41.48  32.8887
 -51.95  32.9159
 -63.88  33.2343
1988/06/01 00:00:00 8 2
  -3.05  31.8726
  -9.45  32.1255
 -16.36  32.4299
 -23.90  32.6867
 -32.21  32.8766
 -41.48  32.9172
 -51.95  32.9314
 -63.88  33.3671
1988/07/01 00:00:00 8 2
  -3.05  30.5472
  -9.45  30.8183
 -16.36  31.2584
 -23.90  31.8709
 -32.21  32.5437
 -41.48  32.7515
 -51.95  32.8732
 -63.88  33.4898
1988/08/01 00:00:00 8 2
  -3.05  29.9745
  -9.45  30.1991
 -16.36  30.6151
 -23.90  31.3672
 -32.21  32.3154
 -41.48  32.6742
 -51.95  32.9600
 -63.88  33.4537
1988/09/01 00:00:00 8 2
  -3.05  30.3093
  -9.45  30.3456
 -16.36  30.5402
 -23.90  31.1443
 -32.21  32.0427
 -41.48  32.4788
 -51.95  32.9958
 -63.88  33.4193
1988/10/01 00:00:00 8 2
  -3.05  30.9425
  -9.45  30.9431
 -16.36  30.9727
 -23.90  31.2873
 -32.21  31.9656
 -41.48  32.3932
 -51.95  32.9879
 -63.88  33.4190
1988/11/01 00:00:00 8 2
  -3.05  31.4457
  -9.45  31.4457
 -16.36  31.4459
 -23.90  31.4948
 -32.21  31.8263
 -41.48  32.1905
 -51.95  32.6616
 -63.88  33.2686
1988/12/01 00:00:00 8 2
  -3.05  31.7991
  -9.45  31.7991
 -16.36  31.7991
 -23.90  31.7991
 -32.21  31.8263
 -41.48  32.0283
 -51.95  32.4398
 -63.88  33.0459
1989/01/01 00:00:00 8 2
  -3.05  32.1433
  -9.45  32.1433
 -16.36  32.1433
 -23.90  32.1433
 -32.21  32.1451
 -41.48  32.1960
 -51.95  32.4620
 -63.88  32.9593
1989/02/01 00:00:00 8 2
  -3.05  32.3894
  -9.45  32.3894
 -16.36  32.3894
 -23.90  32.3894
 -32.21  32.3894
 -41.48  32.3982
 -51.95  32.4831
 -63.88  32.9227
1989/03/01 00:00:00 8 2
  -3.05  32.5978
  -9.45  32.5978
 -16.36  32.5978
 -23.90  32.5978
 -32.21  32.5978
 -41.48  32.5993
 -51.95  32.6215
 -63.88  33.0072
1989/04/01 00:00:00 8 2
  -3.05  32.7553
  -9.45  32.7553
 -16.36  32.7554
 -23.90  32.7599
 -32.21  32.7644
 -41.48  32.7718
 -51.95  32.7822
 -63.88  33.0801
1989/05/01 00:00:00 8 2
  -3.05  32.7397
  -9.45  32.7606
 -16.36  32.7977
 -23.90  32.8307
 -32.21  32.8670
 -41.48  32.8887
 -51.95  32.9159
 -63.88  33.2343
1989/06/01 00:00:00 8 2
  -3.05  31.8726
  -9.45  32.1255
 -16.36  32.4299
 -23.90  32.6867
 -32.21  32.8766
 -41.48  32.9172
 -51.95  32.9314
 -63.88  33.3671
1989/07/01 00:00:00 8 2
  -3.05  30.5472
  -9.45  30.8183
 -16.36  31.2584
 -23.90  31.8709
 -32.21  32.5437
 -41.48  32.7515
 -51.95  32.8732
 -63.88  33.4898
1989/08/01 00:00:00 8 2
  -3.05  29.9745
  -9.45  30.1991
 -16.36  30.6151
 -23.90  31.3672
 -32.21  32.3154
 -41.48  32.6742
 -51.95  32.9600
 -63.88  33.4537
1989/09/01 00:00:00 8 2
  -3.05  30.3093
  -9.45  30.3456
 -16.36  30.5402
 -23.90  31.1443
 -32.21  32.0427
 -41.48  32.4788
 -51.95  32.9958
 -63.88  33.4193
1989/10/01 00:00:00 8 2
  -3.05  30.9425
  -9.45  30.9431
 -16.36  30.9727
 -23.90  31.2873
 -32.21  31.9656
 -41.48  32.3932
 -51.95  32.9879
 -63.88  33.4190
1989/11/01 00:00:00 8 2
  -3.05  31.4457
  -9.45  31.4457
 -16.36  31.4459
 -23.90  31.4948
 -32.21  31.8263
 -41.48  32.1905
 -51.95  32.6616
 -63.88  33.2686
1989/12/01 00:00:00 8 2
  -3.05  31.7991
  -9.45  31.7991
 -16.36  31.7991
 -23.90  31.7991
 -32.21  31.8263
 -41.48  32.0283
 -51.95  32.4398
 -63.88  33.0459
1990/01/01 00:00:00 8 2
  -3.05  32.1433
  -9.45  32.1433
 -16.36  32.1433
 -23.90  32.1433
 -32.21  32.1451
 -41.48  32.1960
 -51.95  32.4620
 -63.88  32.9593
1990/02/01 00:00:00 8 2
  -3.05  32.3894
  -9.45  32.3894
 -16.36  32.3894
 -23.90  32.3894
 -32.21  32.3894
 -41.48  32.3982
 -51.95  32.4831
 -63.88  32.9227
1990/03/01 00:00:00 8 2
  -3.05  32.5978
  -9.45  32.5978
 -16.36  32.5978
 -23.90  32.5978
 -32.21  32.5978
 -41.48  32.5993
 -51.95  32.6215
 -63.88  33.0072
1990/04/01 00:00:00 8 2
  -3.05  32.7553
  -9.45  32.7553
 -16.36  32.7554
 -23.90  32.7599
 -32.21  32.7644
 -41.48  32.7718
 -51.95  32.7822
 -63.88  33.0801
1990/05/01 00:00:00 8 2
  -3.05  32.7397
  -9.45  32.7606
 -16.36  32.7977
 -23.90  32.8307
 -32.21  32.8670
 -41.48  32.8887
 -51.95  32.9159
 -63.88  33.2343
1990/06/01 00:00:00 8 2
  -3.05  31.8726
  -9.45  32.1255
 -16.36  32.4299
 -23.90  32.6867
 -32.21  32.8766
 -41.48  32.9172
 -51.95  32.9314
 -63.88  33.3671
1990/07/01 00:00:00 8 2
  -3.05  30.5472
  -9.45  30.8183
 -16.36  31.2584
 -23.90  31.8709
 -32.21  32.5437
 -41.48  32.7515
 -51.95  32.8732
 -63.88  33.4898
1990/08/01 00:00:00 8 2
  -3.05  29.9745
  -9.45  30.1991
 -16.36  30.6151
 -23.90  31.3672
 -32.21  32.3154
 -41.48  32.6742
 -51.95  32.9600
 -63.88  33.4537
1990/09/01 00:00:00 8 2
  -3.05  30.3093
  -9.45  30.3456
 -16.36  30.5402
 -23.90  31.1443
 -32.21  32.0427
 -41.48  32.4788
 -51.95  32.9958
 -63.88  33.4193
1990/10/01 00:00:00 8 2
  -3.05  30.9425
  -9.45  30.9431
 -16.36  30.9727
 -23.90  31.2873
 -32.21  31.9656
 -41.48  32.3932
 -51.95  32.9879
 -63.88  33.4190
1990/11/01 00:00:00 8 2
  -3.05  31.4457
  -9.45  31.4457
 -16.36  31.4459
 -23.90  31.4948
 -32.21  31.8263
 -41.48  32.1905
 -51.95  32.6616
 -63.88  33.2686
1990/12/01 00:00:00 8 2
  -3.05  31.7991
  -9.45  31.7991
 -16.36  31.7991
 -23.90  31.7991
 -32.21  31.8263
 -41.48  32.0283
 -51.95  32.4398
 -63.88  33.0459
1991/01/01 00:00:00 8 2
  -3.05  32.1433
  -9.45  32.1433
 -16.36  32.1433
 -23.90  32.1433
 -32.21  32.1451
 -41.48  32.1960
 -51.95  32.4620
 -63.88  32.9593
1991/02/01 00:00:00 8 2
  -3.05  32.3894
  -9.45  32.3894
 -16.36  32.3894
 -23.90  32.3894
 -32.21  32.3894
 -41.48  32.3982
 -51.95  32.4831
 -63.88  32.9227
1991/03/01 00:00:00 8 2
  -3.05  32.5978
  -9.45  32.5978
 -16.36  32.5978
 -23.90  32.5978
 -32.21  32.5978
 -41.48  32.5993
 -51.95  32.6215
 -63.88  33.0072
1991/04/01 00:00:00 8 2
  -3.05  32.7553
  -9.45  32.7553
 -16.36  32.7554
 -23.90  32.7599
 -32.21  32.7644
 -41.48  32.7718
 -51.95  32.7822
 -63.88  33.0801
1991/05/01 00:00:00 8 2
  -3.05  32.7397
  -9.45  32.7606
 -16.36  32.7977
 -23.90  32.8307
 -32.21  32.8670
 -41.48  32.8887
 -51.95  32.9159
 -63.88  33.2343
1991/06/01 00:00:00 8 2
  -3.05  31.8726
  -9.45  32.1255
 -16.36  32.4299
 -23.90  32.6867
 -32.21  32.8766
 -41.48  32.9172
 -51.95  32.9314
 -63.88  33.3671
1991/07/01 00:00:00 8 2
  -3.05  30.5472
  -9.45  30.8183
 -16.36  31.2584
 -23.90  31.8709
 -32.21  32.5437
 -41.48  32.7515
 -51.95  32.8732
 -63.88  33.4898
1991/08/01 00:00:00 8 2
  -3.05  29.9745
  -9.45  30.1991
 -16.36  30.6151
 -23.90  31.3672
 -32.21  32.3154
 -41.48  32.6742
 -51.95  32.9600
 -63.88  33.4537
1991/09/01 00:00:00 8 2
  -3.05  30.3093
  -9.45  30.3456
 -16.36  30.5402
 -23.90  31.1443
 -32.21  32.0427
 -41.48  32.4788
 -51.95  32.9958
 -63.88  33.4193
1991/10/01 00:00:00 8 2
  -3.05  30.9425
  -9.45  30.9431
 -16.36  30.9727
 -23.90  31.2873
 -32.21  31.9656
 -41.48  32.3932
 -51.95  32.9879
 -63.88  33.4190
1991/11/01 00:00:00 8 2
  -3.05  31.4457
  -9.45  31.4457
 -16.36  31.4459
 -23.90  31.4948
 -32.21  31.8263
 -41.48  32.1905
 -51.95  32.6616
 -63.88  33.2686
1991/12/01 00:00:00 8 2
  -3.05  31.7991
  -9.45  31.7991
 -16.36  31.7991
 -23.90  31.7991
 -32.21  31.8263
 -41.48  32.0283
 -51.95  32.4398
 -63.88  33.0459
1992/01/01 00:00:00 8 2
  -3.05  32.1433
  -9.45  32.1433
 -16.36  32.1433
 -23.90  32.1433
 -32.21  32.1451
 -41.48  32.1960
 -51.95  32.4620
 -63.88  32.9593
1992/02/01 00:00:00 8 2
  -3.05  32.3894
  -9.45  32.3894
 -16.36  32.3894
 -23.90  32.3894
 -32.21  32.3894
 -41.48  32.3982
 -51.95  32.4831
 -63.88  32.9227
1992/03/01 00:00:00 8 2
  -3.05  32.5978
  -9.45  32.5978
 -16.36  32.5978
 -23.90  32.5978
 -32.21  32.5978
 -41.48  32.5993
 -51.95  32.6215
 -63.88  33.0072
1992/04/01 00:00:00 8 2
  -3.05  32.7553
  -9.45  32.7553
 -16.36  32.7554
 -23.90  32.7599
 -32.21  32.7644
 -41.48  32.7718
 -51.95  32.7822
 -63.88  33.0801
1992/05/01 00:00:00 8 2
  -3.05  32.7397
  -9.45  32.7606
 -16.36  32.7977
 -23.90  32.8307
 -32.21  32.8670
 -41.48  32.8887
 -51.95  32.9159
 -63.88  33.2343
1992/06/01 00:00:00 8 2
  -3.05  31.8726
  -9.45  32.1255
 -16.36  32.4299
 -23.90  32.6867
 -32.21  32.8766
 -41.48  32.9172
 -51.95  32.9314
 -63.88  33.3671
1992/07/01 00:00:00 8 2
  -3.05  30.5472
  -9.45  30.8183
 -16.36  31.2584
 -23.90  31.8709
 -32.21  32.5437
 -41.48  32.7515
 -51.95  32.8732
 -63.88  33.4898
1992/08/01 00:00:00 8 2
  -3.05  29.9745
  -9.45  30.1991
 -16.36  30.6151
 -23.90  31.3672
 -32.21  32.3154
 -41.48  32.6742
 -51.95  32.9600
 -63.88  33.4537
1992/09/01 00:00:00 8 2
  -3.05  30.3093
  -9.45  30.3456
 -16.36  30.5402
 -23.90  31.1443
 -32.21  32.0427
 -41.48  32.4788
 -51.95  32.9958
 -63.88  33.4193
1992/10/01 00:00:00 8 2
  -3.05  30.9425
  -9.45  30.9431
 -16.36  30.9727
 -23.90  31.2873
 -32.21  31.9656
 -41.48  32.3932
 -51.95  32.9879
 -63.88  33.4190
1992/11/01 00:00:00 8 2
  -3.05  31.4457
  -9.45  31.4457
 -16.36  31.4459
 -23.90  31.4948
 -32.21  31.8263
 -41.48  32.1905
 -51.95  32.6616
 -63.88  33.2686
1992/12/01 00:00:00 8 2
  -3.05  31.7991
  -9.45  31.7991
 -16.36  31.7991
 -23.90  31.7991
 -32.21  31.8263
 -41.48  32.0283
 -51.95  32.4398
 -63.88  33.0459
1993/01/01 00:00:00 8 2
  -3.05  32.1433
  -9.45  32.1433
 -16.36  32.1433
 -23.90  32.1433
 -32.21  32.1451
 -41.48  32.1960
 -51.95  32.4620
 -63.88  32.9593
1993/02/01 00:00:00 8 2
  -3.05  32.3894
  -9.45  32.3894
 -16.36  32.3894
 -23.90  32.3894
 -32.21  32.3894
 -41.48  32.3982
 -51.95  32.4831
 -63.88  32.9227
1993/03/01 00:00:00 8 2
  -3.05  32.5978
  -9.45  32.5978
 -16.36  32.5978
 -23.90  32.5978
 -32.21  32.5978
 -41.48  32.5993
 -51.95  32.6215
 -63.88  33.0072
1993/04/01 00:00:00 8 2
  -3.05  32.7553
  -9.45  32.7553
 -16.36  32.7554
 -23.90  32.7599
 -32.21  32.7644
 -41.48  32.7718
 -51.95  32.7822
 -63.88  33.0801
1993/05/01 00:00:00 8 2
  -3.05  32.7397
  -9.45  32.7606
 -16.36  32.7977
 -23.90  32.8307
 -32.21  32.8670
 -41.48  32.8887
 -51.95  32.9159
 -63.88  33.2343
1993/06/01 00:00:00 8 2
  -3.05  31.8726
  -9.45  32.1255
 -16.36  32.4299
 -23.90  32.6867
 -32.21  32.8766
 -41.48  32.9172
 -51.95  32.9314
 -63.88  33.3671
1993/07/01 00:00:00 8 2
  -3.05  30.5472
  -9.45  30.8183
 -16.36  31.2584
 -23.90  31.8709
 -32.21  32.5437
 -41.48  32.7515
 -51.95  32.8732
 -63.88  33.4898
1993/08/01 00:00:00 8 2
  -3.05  29.9745
  -9.45  30.1991
 -16.36  30.6151
 -23.90  31.3672
 -32.21  32.3154
 -41.48  32.6742
 -51.95  32.9600
 -63.88  33.4537
1993/09/01 00:00:00 8 2
  -3.05  30.3093
  -9.45  30.3456
 -16.36  30.5402
 -23.90  31.1443
 -32.21  32.0427
 -41.48  32.4788
 -51.95  32.9958
 -63.88  33.4193
1993/10/01 00:00:00 8 2
  -3.05  30.9425
  -9.45  30.9431
 -16.36  30.9727
 -23.90  31.2873
 -32.21  31.9656
 -41.48  32.3932
 -51.95  32.9879
 -63.88  33.4190
1993/11/01 00:00:00 8 2
  -3.05  31.4457
  -9.45  31.4457
 -16.36  31.4459
 -23.90  31.4948
 -32.21  31.8263
 -41.48  32.1905
 -51.95  32.6616
 -63.88  33.2686
1993/12/01 00:00:00 8 2
  -3.05  31.7991
  -9.45  31.7991
 -16.36  31.7991
 -23.90  31.7991
 -32.21  31.8263
 -41.48  32.0283
 -51.95  32.4398
 -63.88  33.0459
1994/01/01 00:00:00 8 2
  -3.05  32.1433
  -9.45  32.1433
 -16.36  32.1433
 -23.90  32.1433
 -32.21  32.1451
 -41.48  32.1960
 -51.95  32.4620
 -63.88  32.9593
1994/02/01 00:00:00 8 2
  -3.05  32.3894
  -9.45  32.3894
 -16.36  32.3894
 -23.90  32.3894
 -32.21  32.3894
 -41.48  32.3982
 -51.95  32.4831
 -63.88  32.9227
1994/03/01 00:00:00 8 2
  -3.05  32.5978
  -9.45  32.5978
 -16.36  32.5978
 -23.90  32.5978
 -32.21  32.5978
 -41.48  32.5993
 -51.95  32.6215
 -63.88  33.0072
1994/04/01 00:00:00 8 2
  -3.05  32.7553
  -9.45  32.7553
 -16.36  32.7554
 -23.90  32.7599
 -32.21  32.7644
 -41.48  32.7718
 -51.95  32.7822
 -63.88  33.0801
1994/05/01 00:00:00 8 2
  -3.05  32.7397
  -9.45  32.7606
 -16.36  32.7977
 -23.90  32.8307
 -32.21  32.8670
 -41.48  32.8887
 -51.95  32.9159
 -63.88  33.2343
1994/06/01 00:00:00 8 2
  -3.05  31.8726
  -9.45  32.1255
 -16.36  32.4299
 -23.90  32.6867
 -32.21  32.8766
 -41.48  32.9172
 -51.95  32.9314
 -63.88  33.3671
1994/07/01 00:00:00 8 2
  -3.05  30.5472
  -9.45  30.8183
 -16.36  31.2584
 -23.90  31.8709
 -32.21  32.5437
 -41.48  32.7515
 -51.95  32.8732
 -63.88  33.4898
1994/08/01 00:00:00 8 2
  -3.05  29.9745
  -9.45  30.1991
 -16.36  30.6151
 -23.90  31.3672
 -32.21  32.3154
 -41.48  32.6742
 -51.95  32.9600
 -63.88  33.4537
1994/09/01 00:00:00 8 2
  -3.05  30.3093
  -9.45  30.3456
 -16.36  30.5402
 -23.90  31.1443
 -32.21  32.0427
 -41.48  32.4788
 -51.95  32.9958
 -63.88  33.4193
1994/10/01 00:00:00 8 2
  -3.05  30.9425
  -9.45  30.9431
 -16.36  30.9727
 -23.90  31.2873
 -32.21  31.9656
 -41.48  32.3932
 -51.95  32.9879
 -63.88  33.4190
1994/11/01 00:00:00 8 2
  -3.05  31.4457
  -9.45  31.4457
 -16.36  31.4459
 -23.90  31.4948
 -32.21  31.8263
 -41.48  32.1905
 -51.95  32.6616
 -63.88  33.2686
1994/12/01 00:00:00 8 2
  -3.05  31.7991
  -9.45  31.7991
 -16.36  31.7991
 -23.90  31.7991
 -32.21  31.8263
 -41.48  32.0283
 -51.95  32.4398
 -63.88  33.0459
