1955/01/01 00:00:00 8 2
  -3.05  -1.7391
  -9.45  -1.7391
 -16.36  -1.7391
 -23.90  -1.7391
 -32.21  -1.7338
 -41.48  -1.6875
 -51.95  -1.5213
 -63.88  -1.2725
1955/02/01 00:00:00 8 2
  -3.05  -1.7583
  -9.45  -1.7583
 -16.36  -1.7583
 -23.90  -1.7583
 -32.21  -1.7582
 -41.48  -1.7460
 -51.95  -1.6657
 -63.88  -1.3620
1955/03/01 00:00:00 8 2
  -3.05  -1.7707
  -9.45  -1.7707
 -16.36  -1.7707
 -23.90  -1.7707
 -32.21  -1.7707
 -41.48  -1.7677
 -51.95  -1.7402
 -63.88  -1.4378
1955/04/01 00:00:00 8 2
  -3.05  -1.7816
  -9.45  -1.7816
 -16.36  -1.7811
 -23.90  -1.7777
 -32.21  -1.7749
 -41.48  -1.7703
 -51.95  -1.7630
 -63.88  -1.4911
1955/05/01 00:00:00 8 2
  -3.05  -1.7935
  -9.45  -1.7865
 -16.36  -1.7719
 -23.90  -1.7627
 -32.21  -1.7535
 -41.48  -1.7505
 -51.95  -1.7411
 -63.88  -1.4230
1955/06/01 00:00:00 8 2
  -3.05  -1.7586
  -9.45  -1.7522
 -16.36  -1.7391
 -23.90  -1.7143
 -32.21  -1.6840
 -41.48  -1.6863
 -51.95  -1.6795
 -63.88  -1.3011
1955/07/01 00:00:00 8 2
  -3.05  -1.6953
  -9.45  -1.6832
 -16.36  -1.6707
 -23.90  -1.6434
 -32.21  -1.5946
 -41.48  -1.6063
 -51.95  -1.5801
 -63.88  -1.1243
1955/08/01 00:00:00 8 2
  -3.05  -1.6438
  -9.45  -1.6355
 -16.36  -1.6198
 -23.90  -1.5724
 -32.21  -1.4919
 -41.48  -1.4578
 -51.95  -1.3591
 -63.88  -1.0503
1955/09/01 00:00:00 8 2
  -3.05  -1.6506
  -9.45  -1.6373
 -16.36  -1.6148
 -23.90  -1.5611
 -32.21  -1.4664
 -41.48  -1.3855
 -51.95  -1.2484
 -63.88  -1.0340
1955/10/01 00:00:00 8 2
  -3.05  -1.6778
  -9.45  -1.6769
 -16.36  -1.6616
 -23.90  -1.6001
 -32.21  -1.4994
 -41.48  -1.3964
 -51.95  -1.2438
 -63.88  -1.0504
1955/11/01 00:00:00 8 2
  -3.05  -1.7082
  -9.45  -1.7082
 -16.36  -1.7079
 -23.90  -1.6753
 -32.21  -1.5938
 -41.48  -1.5014
 -51.95  -1.3448
 -63.88  -1.1265
1955/12/01 00:00:00 8 2
  -3.05  -1.7251
  -9.45  -1.7251
 -16.36  -1.7251
 -23.90  -1.7249
 -32.21  -1.7028
 -41.48  -1.6173
 -51.95  -1.4647
 -63.88  -1.1987
1956/01/01 00:00:00 8 2
  -3.05  -1.7391
  -9.45  -1.7391
 -16.36  -1.7391
 -23.90  -1.7391
 -32.21  -1.7338
 -41.48  -1.6875
 -51.95  -1.5213
 -63.88  -1.2725
1956/02/01 00:00:00 8 2
  -3.05  -1.7583
  -9.45  -1.7583
 -16.36  -1.7583
 -23.90  -1.7583
 -32.21  -1.7582
 -41.48  -1.7460
 -51.95  -1.6657
 -63.88  -1.3620
1956/03/01 00:00:00 8 2
  -3.05  -1.7707
  -9.45  -1.7707
 -16.36  -1.7707
 -23.90  -1.7707
 -32.21  -1.7707
 -41.48  -1.7677
 -51.95  -1.7402
 -63.88  -1.4378
1956/04/01 00:00:00 8 2
  -3.05  -1.7816
  -9.45  -1.7816
 -16.36  -1.7811
 -23.90  -1.7777
 -32.21  -1.7749
 -41.48  -1.7703
 -51.95  -1.7630
 -63.88  -1.4911
1956/05/01 00:00:00 8 2
  -3.05  -1.7935
  -9.45  -1.7865
 -16.36  -1.7719
 -23.90  -1.7627
 -32.21  -1.7535
 -41.48  -1.7505
 -51.95  -1.7411
 -63.88  -1.4230
1956/06/01 00:00:00 8 2
  -3.05  -1.7586
  -9.45  -1.7522
 -16.36  -1.7391
 -23.90  -1.7143
 -32.21  -1.6840
 -41.48  -1.6863
 -51.95  -1.6795
 -63.88  -1.3011
1956/07/01 00:00:00 8 2
  -3.05  -1.6953
  -9.45  -1.6832
 -16.36  -1.6707
 -23.90  -1.6434
 -32.21  -1.5946
 -41.48  -1.6063
 -51.95  -1.5801
 -63.88  -1.1243
1956/08/01 00:00:00 8 2
  -3.05  -1.6438
  -9.45  -1.6355
 -16.36  -1.6198
 -23.90  -1.5724
 -32.21  -1.4919
 -41.48  -1.4578
 -51.95  -1.3591
 -63.88  -1.0503
1956/09/01 00:00:00 8 2
  -3.05  -1.6506
  -9.45  -1.6373
 -16.36  -1.6148
 -23.90  -1.5611
 -32.21  -1.4664
 -41.48  -1.3855
 -51.95  -1.2484
 -63.88  -1.0340
1956/10/01 00:00:00 8 2
  -3.05  -1.6778
  -9.45  -1.6769
 -16.36  -1.6616
 -23.90  -1.6001
 -32.21  -1.4994
 -41.48  -1.3964
 -51.95  -1.2438
 -63.88  -1.0504
1956/11/01 00:00:00 8 2
  -3.05  -1.7082
  -9.45  -1.7082
 -16.36  -1.7079
 -23.90  -1.6753
 -32.21  -1.5938
 -41.48  -1.5014
 -51.95  -1.3448
 -63.88  -1.1265
1956/12/01 00:00:00 8 2
  -3.05  -1.7251
  -9.45  -1.7251
 -16.36  -1.7251
 -23.90  -1.7249
 -32.21  -1.7028
 -41.48  -1.6173
 -51.95  -1.4647
 -63.88  -1.1987
1957/01/01 00:00:00 8 2
  -3.05  -1.7391
  -9.45  -1.7391
 -16.36  -1.7391
 -23.90  -1.7391
 -32.21  -1.7338
 -41.48  -1.6875
 -51.95  -1.5213
 -63.88  -1.2725
1957/02/01 00:00:00 8 2
  -3.05  -1.7583
  -9.45  -1.7583
 -16.36  -1.7583
 -23.90  -1.7583
 -32.21  -1.7582
 -41.48  -1.7460
 -51.95  -1.6657
 -63.88  -1.3620
1957/03/01 00:00:00 8 2
  -3.05  -1.7707
  -9.45  -1.7707
 -16.36  -1.7707
 -23.90  -1.7707
 -32.21  -1.7707
 -41.48  -1.7677
 -51.95  -1.7402
 -63.88  -1.4378
1957/04/01 00:00:00 8 2
  -3.05  -1.7816
  -9.45  -1.7816
 -16.36  -1.7811
 -23.90  -1.7777
 -32.21  -1.7749
 -41.48  -1.7703
 -51.95  -1.7630
 -63.88  -1.4911
1957/05/01 00:00:00 8 2
  -3.05  -1.7935
  -9.45  -1.7865
 -16.36  -1.7719
 -23.90  -1.7627
 -32.21  -1.7535
 -41.48  -1.7505
 -51.95  -1.7411
 -63.88  -1.4230
1957/06/01 00:00:00 8 2
  -3.05  -1.7586
  -9.45  -1.7522
 -16.36  -1.7391
 -23.90  -1.7143
 -32.21  -1.6840
 -41.48  -1.6863
 -51.95  -1.6795
 -63.88  -1.3011
1957/07/01 00:00:00 8 2
  -3.05  -1.6953
  -9.45  -1.6832
 -16.36  -1.6707
 -23.90  -1.6434
 -32.21  -1.5946
 -41.48  -1.6063
 -51.95  -1.5801
 -63.88  -1.1243
1957/08/01 00:00:00 8 2
  -3.05  -1.6438
  -9.45  -1.6355
 -16.36  -1.6198
 -23.90  -1.5724
 -32.21  -1.4919
 -41.48  -1.4578
 -51.95  -1.3591
 -63.88  -1.0503
1957/09/01 00:00:00 8 2
  -3.05  -1.6506
  -9.45  -1.6373
 -16.36  -1.6148
 -23.90  -1.5611
 -32.21  -1.4664
 -41.48  -1.3855
 -51.95  -1.2484
 -63.88  -1.0340
1957/10/01 00:00:00 8 2
  -3.05  -1.6778
  -9.45  -1.6769
 -16.36  -1.6616
 -23.90  -1.6001
 -32.21  -1.4994
 -41.48  -1.3964
 -51.95  -1.2438
 -63.88  -1.0504
1957/11/01 00:00:00 8 2
  -3.05  -1.7082
  -9.45  -1.7082
 -16.36  -1.7079
 -23.90  -1.6753
 -32.21  -1.5938
 -41.48  -1.5014
 -51.95  -1.3448
 -63.88  -1.1265
1957/12/01 00:00:00 8 2
  -3.05  -1.7251
  -9.45  -1.7251
 -16.36  -1.7251
 -23.90  -1.7249
 -32.21  -1.7028
 -41.48  -1.6173
 -51.95  -1.4647
 -63.88  -1.1987
1958/01/01 00:00:00 8 2
  -3.05  -1.7391
  -9.45  -1.7391
 -16.36  -1.7391
 -23.90  -1.7391
 -32.21  -1.7338
 -41.48  -1.6875
 -51.95  -1.5213
 -63.88  -1.2725
1958/02/01 00:00:00 8 2
  -3.05  -1.7583
  -9.45  -1.7583
 -16.36  -1.7583
 -23.90  -1.7583
 -32.21  -1.7582
 -41.48  -1.7460
 -51.95  -1.6657
 -63.88  -1.3620
1958/03/01 00:00:00 8 2
  -3.05  -1.7707
  -9.45  -1.7707
 -16.36  -1.7707
 -23.90  -1.7707
 -32.21  -1.7707
 -41.48  -1.7677
 -51.95  -1.7402
 -63.88  -1.4378
1958/04/01 00:00:00 8 2
  -3.05  -1.7816
  -9.45  -1.7816
 -16.36  -1.7811
 -23.90  -1.7777
 -32.21  -1.7749
 -41.48  -1.7703
 -51.95  -1.7630
 -63.88  -1.4911
1958/05/01 00:00:00 8 2
  -3.05  -1.7935
  -9.45  -1.7865
 -16.36  -1.7719
 -23.90  -1.7627
 -32.21  -1.7535
 -41.48  -1.7505
 -51.95  -1.7411
 -63.88  -1.4230
1958/06/01 00:00:00 8 2
  -3.05  -1.7586
  -9.45  -1.7522
 -16.36  -1.7391
 -23.90  -1.7143
 -32.21  -1.6840
 -41.48  -1.6863
 -51.95  -1.6795
 -63.88  -1.3011
1958/07/01 00:00:00 8 2
  -3.05  -1.6953
  -9.45  -1.6832
 -16.36  -1.6707
 -23.90  -1.6434
 -32.21  -1.5946
 -41.48  -1.6063
 -51.95  -1.5801
 -63.88  -1.1243
1958/08/01 00:00:00 8 2
  -3.05  -1.6438
  -9.45  -1.6355
 -16.36  -1.6198
 -23.90  -1.5724
 -32.21  -1.4919
 -41.48  -1.4578
 -51.95  -1.3591
 -63.88  -1.0503
1958/09/01 00:00:00 8 2
  -3.05  -1.6506
  -9.45  -1.6373
 -16.36  -1.6148
 -23.90  -1.5611
 -32.21  -1.4664
 -41.48  -1.3855
 -51.95  -1.2484
 -63.88  -1.0340
1958/10/01 00:00:00 8 2
  -3.05  -1.6778
  -9.45  -1.6769
 -16.36  -1.6616
 -23.90  -1.6001
 -32.21  -1.4994
 -41.48  -1.3964
 -51.95  -1.2438
 -63.88  -1.0504
1958/11/01 00:00:00 8 2
  -3.05  -1.7082
  -9.45  -1.7082
 -16.36  -1.7079
 -23.90  -1.6753
 -32.21  -1.5938
 -41.48  -1.5014
 -51.95  -1.3448
 -63.88  -1.1265
1958/12/01 00:00:00 8 2
  -3.05  -1.7251
  -9.45  -1.7251
 -16.36  -1.7251
 -23.90  -1.7249
 -32.21  -1.7028
 -41.48  -1.6173
 -51.95  -1.4647
 -63.88  -1.1987
1959/01/01 00:00:00 8 2
  -3.05  -1.7391
  -9.45  -1.7391
 -16.36  -1.7391
 -23.90  -1.7391
 -32.21  -1.7338
 -41.48  -1.6875
 -51.95  -1.5213
 -63.88  -1.2725
1959/02/01 00:00:00 8 2
  -3.05  -1.7583
  -9.45  -1.7583
 -16.36  -1.7583
 -23.90  -1.7583
 -32.21  -1.7582
 -41.48  -1.7460
 -51.95  -1.6657
 -63.88  -1.3620
1959/03/01 00:00:00 8 2
  -3.05  -1.7707
  -9.45  -1.7707
 -16.36  -1.7707
 -23.90  -1.7707
 -32.21  -1.7707
 -41.48  -1.7677
 -51.95  -1.7402
 -63.88  -1.4378
1959/04/01 00:00:00 8 2
  -3.05  -1.7816
  -9.45  -1.7816
 -16.36  -1.7811
 -23.90  -1.7777
 -32.21  -1.7749
 -41.48  -1.7703
 -51.95  -1.7630
 -63.88  -1.4911
1959/05/01 00:00:00 8 2
  -3.05  -1.7935
  -9.45  -1.7865
 -16.36  -1.7719
 -23.90  -1.7627
 -32.21  -1.7535
 -41.48  -1.7505
 -51.95  -1.7411
 -63.88  -1.4230
1959/06/01 00:00:00 8 2
  -3.05  -1.7586
  -9.45  -1.7522
 -16.36  -1.7391
 -23.90  -1.7143
 -32.21  -1.6840
 -41.48  -1.6863
 -51.95  -1.6795
 -63.88  -1.3011
1959/07/01 00:00:00 8 2
  -3.05  -1.6953
  -9.45  -1.6832
 -16.36  -1.6707
 -23.90  -1.6434
 -32.21  -1.5946
 -41.48  -1.6063
 -51.95  -1.5801
 -63.88  -1.1243
1959/08/01 00:00:00 8 2
  -3.05  -1.6438
  -9.45  -1.6355
 -16.36  -1.6198
 -23.90  -1.5724
 -32.21  -1.4919
 -41.48  -1.4578
 -51.95  -1.3591
 -63.88  -1.0503
1959/09/01 00:00:00 8 2
  -3.05  -1.6506
  -9.45  -1.6373
 -16.36  -1.6148
 -23.90  -1.5611
 -32.21  -1.4664
 -41.48  -1.3855
 -51.95  -1.2484
 -63.88  -1.0340
1959/10/01 00:00:00 8 2
  -3.05  -1.6778
  -9.45  -1.6769
 -16.36  -1.6616
 -23.90  -1.6001
 -32.21  -1.4994
 -41.48  -1.3964
 -51.95  -1.2438
 -63.88  -1.0504
1959/11/01 00:00:00 8 2
  -3.05  -1.7082
  -9.45  -1.7082
 -16.36  -1.7079
 -23.90  -1.6753
 -32.21  -1.5938
 -41.48  -1.5014
 -51.95  -1.3448
 -63.88  -1.1265
1959/12/01 00:00:00 8 2
  -3.05  -1.7251
  -9.45  -1.7251
 -16.36  -1.7251
 -23.90  -1.7249
 -32.21  -1.7028
 -41.48  -1.6173
 -51.95  -1.4647
 -63.88  -1.1987
1960/01/01 00:00:00 8 2
  -3.05  -1.7391
  -9.45  -1.7391
 -16.36  -1.7391
 -23.90  -1.7391
 -32.21  -1.7338
 -41.48  -1.6875
 -51.95  -1.5213
 -63.88  -1.2725
1960/02/01 00:00:00 8 2
  -3.05  -1.7583
  -9.45  -1.7583
 -16.36  -1.7583
 -23.90  -1.7583
 -32.21  -1.7582
 -41.48  -1.7460
 -51.95  -1.6657
 -63.88  -1.3620
1960/03/01 00:00:00 8 2
  -3.05  -1.7707
  -9.45  -1.7707
 -16.36  -1.7707
 -23.90  -1.7707
 -32.21  -1.7707
 -41.48  -1.7677
 -51.95  -1.7402
 -63.88  -1.4378
1960/04/01 00:00:00 8 2
  -3.05  -1.7816
  -9.45  -1.7816
 -16.36  -1.7811
 -23.90  -1.7777
 -32.21  -1.7749
 -41.48  -1.7703
 -51.95  -1.7630
 -63.88  -1.4911
1960/05/01 00:00:00 8 2
  -3.05  -1.7935
  -9.45  -1.7865
 -16.36  -1.7719
 -23.90  -1.7627
 -32.21  -1.7535
 -41.48  -1.7505
 -51.95  -1.7411
 -63.88  -1.4230
1960/06/01 00:00:00 8 2
  -3.05  -1.7586
  -9.45  -1.7522
 -16.36  -1.7391
 -23.90  -1.7143
 -32.21  -1.6840
 -41.48  -1.6863
 -51.95  -1.6795
 -63.88  -1.3011
1960/07/01 00:00:00 8 2
  -3.05  -1.6953
  -9.45  -1.6832
 -16.36  -1.6707
 -23.90  -1.6434
 -32.21  -1.5946
 -41.48  -1.6063
 -51.95  -1.5801
 -63.88  -1.1243
1960/08/01 00:00:00 8 2
  -3.05  -1.6438
  -9.45  -1.6355
 -16.36  -1.6198
 -23.90  -1.5724
 -32.21  -1.4919
 -41.48  -1.4578
 -51.95  -1.3591
 -63.88  -1.0503
1960/09/01 00:00:00 8 2
  -3.05  -1.6506
  -9.45  -1.6373
 -16.36  -1.6148
 -23.90  -1.5611
 -32.21  -1.4664
 -41.48  -1.3855
 -51.95  -1.2484
 -63.88  -1.0340
1960/10/01 00:00:00 8 2
  -3.05  -1.6778
  -9.45  -1.6769
 -16.36  -1.6616
 -23.90  -1.6001
 -32.21  -1.4994
 -41.48  -1.3964
 -51.95  -1.2438
 -63.88  -1.0504
1960/11/01 00:00:00 8 2
  -3.05  -1.7082
  -9.45  -1.7082
 -16.36  -1.7079
 -23.90  -1.6753
 -32.21  -1.5938
 -41.48  -1.5014
 -51.95  -1.3448
 -63.88  -1.1265
1960/12/01 00:00:00 8 2
  -3.05  -1.7251
  -9.45  -1.7251
 -16.36  -1.7251
 -23.90  -1.7249
 -32.21  -1.7028
 -41.48  -1.6173
 -51.95  -1.4647
 -63.88  -1.1987
1961/01/01 00:00:00 8 2
  -3.05  -1.7391
  -9.45  -1.7391
 -16.36  -1.7391
 -23.90  -1.7391
 -32.21  -1.7338
 -41.48  -1.6875
 -51.95  -1.5213
 -63.88  -1.2725
1961/02/01 00:00:00 8 2
  -3.05  -1.7583
  -9.45  -1.7583
 -16.36  -1.7583
 -23.90  -1.7583
 -32.21  -1.7582
 -41.48  -1.7460
 -51.95  -1.6657
 -63.88  -1.3620
1961/03/01 00:00:00 8 2
  -3.05  -1.7707
  -9.45  -1.7707
 -16.36  -1.7707
 -23.90  -1.7707
 -32.21  -1.7707
 -41.48  -1.7677
 -51.95  -1.7402
 -63.88  -1.4378
1961/04/01 00:00:00 8 2
  -3.05  -1.7816
  -9.45  -1.7816
 -16.36  -1.7811
 -23.90  -1.7777
 -32.21  -1.7749
 -41.48  -1.7703
 -51.95  -1.7630
 -63.88  -1.4911
1961/05/01 00:00:00 8 2
  -3.05  -1.7935
  -9.45  -1.7865
 -16.36  -1.7719
 -23.90  -1.7627
 -32.21  -1.7535
 -41.48  -1.7505
 -51.95  -1.7411
 -63.88  -1.4230
1961/06/01 00:00:00 8 2
  -3.05  -1.7586
  -9.45  -1.7522
 -16.36  -1.7391
 -23.90  -1.7143
 -32.21  -1.6840
 -41.48  -1.6863
 -51.95  -1.6795
 -63.88  -1.3011
1961/07/01 00:00:00 8 2
  -3.05  -1.6953
  -9.45  -1.6832
 -16.36  -1.6707
 -23.90  -1.6434
 -32.21  -1.5946
 -41.48  -1.6063
 -51.95  -1.5801
 -63.88  -1.1243
1961/08/01 00:00:00 8 2
  -3.05  -1.6438
  -9.45  -1.6355
 -16.36  -1.6198
 -23.90  -1.5724
 -32.21  -1.4919
 -41.48  -1.4578
 -51.95  -1.3591
 -63.88  -1.0503
1961/09/01 00:00:00 8 2
  -3.05  -1.6506
  -9.45  -1.6373
 -16.36  -1.6148
 -23.90  -1.5611
 -32.21  -1.4664
 -41.48  -1.3855
 -51.95  -1.2484
 -63.88  -1.0340
1961/10/01 00:00:00 8 2
  -3.05  -1.6778
  -9.45  -1.6769
 -16.36  -1.6616
 -23.90  -1.6001
 -32.21  -1.4994
 -41.48  -1.3964
 -51.95  -1.2438
 -63.88  -1.0504
1961/11/01 00:00:00 8 2
  -3.05  -1.7082
  -9.45  -1.7082
 -16.36  -1.7079
 -23.90  -1.6753
 -32.21  -1.5938
 -41.48  -1.5014
 -51.95  -1.3448
 -63.88  -1.1265
1961/12/01 00:00:00 8 2
  -3.05  -1.7251
  -9.45  -1.7251
 -16.36  -1.7251
 -23.90  -1.7249
 -32.21  -1.7028
 -41.48  -1.6173
 -51.95  -1.4647
 -63.88  -1.1987
1962/01/01 00:00:00 8 2
  -3.05  -1.7391
  -9.45  -1.7391
 -16.36  -1.7391
 -23.90  -1.7391
 -32.21  -1.7338
 -41.48  -1.6875
 -51.95  -1.5213
 -63.88  -1.2725
1962/02/01 00:00:00 8 2
  -3.05  -1.7583
  -9.45  -1.7583
 -16.36  -1.7583
 -23.90  -1.7583
 -32.21  -1.7582
 -41.48  -1.7460
 -51.95  -1.6657
 -63.88  -1.3620
1962/03/01 00:00:00 8 2
  -3.05  -1.7707
  -9.45  -1.7707
 -16.36  -1.7707
 -23.90  -1.7707
 -32.21  -1.7707
 -41.48  -1.7677
 -51.95  -1.7402
 -63.88  -1.4378
1962/04/01 00:00:00 8 2
  -3.05  -1.7816
  -9.45  -1.7816
 -16.36  -1.7811
 -23.90  -1.7777
 -32.21  -1.7749
 -41.48  -1.7703
 -51.95  -1.7630
 -63.88  -1.4911
1962/05/01 00:00:00 8 2
  -3.05  -1.7935
  -9.45  -1.7865
 -16.36  -1.7719
 -23.90  -1.7627
 -32.21  -1.7535
 -41.48  -1.7505
 -51.95  -1.7411
 -63.88  -1.4230
1962/06/01 00:00:00 8 2
  -3.05  -1.7586
  -9.45  -1.7522
 -16.36  -1.7391
 -23.90  -1.7143
 -32.21  -1.6840
 -41.48  -1.6863
 -51.95  -1.6795
 -63.88  -1.3011
1962/07/01 00:00:00 8 2
  -3.05  -1.6953
  -9.45  -1.6832
 -16.36  -1.6707
 -23.90  -1.6434
 -32.21  -1.5946
 -41.48  -1.6063
 -51.95  -1.5801
 -63.88  -1.1243
1962/08/01 00:00:00 8 2
  -3.05  -1.6438
  -9.45  -1.6355
 -16.36  -1.6198
 -23.90  -1.5724
 -32.21  -1.4919
 -41.48  -1.4578
 -51.95  -1.3591
 -63.88  -1.0503
1962/09/01 00:00:00 8 2
  -3.05  -1.6506
  -9.45  -1.6373
 -16.36  -1.6148
 -23.90  -1.5611
 -32.21  -1.4664
 -41.48  -1.3855
 -51.95  -1.2484
 -63.88  -1.0340
1962/10/01 00:00:00 8 2
  -3.05  -1.6778
  -9.45  -1.6769
 -16.36  -1.6616
 -23.90  -1.6001
 -32.21  -1.4994
 -41.48  -1.3964
 -51.95  -1.2438
 -63.88  -1.0504
1962/11/01 00:00:00 8 2
  -3.05  -1.7082
  -9.45  -1.7082
 -16.36  -1.7079
 -23.90  -1.6753
 -32.21  -1.5938
 -41.48  -1.5014
 -51.95  -1.3448
 -63.88  -1.1265
1962/12/01 00:00:00 8 2
  -3.05  -1.7251
  -9.45  -1.7251
 -16.36  -1.7251
 -23.90  -1.7249
 -32.21  -1.7028
 -41.48  -1.6173
 -51.95  -1.4647
 -63.88  -1.1987
1963/01/01 00:00:00 8 2
  -3.05  -1.7391
  -9.45  -1.7391
 -16.36  -1.7391
 -23.90  -1.7391
 -32.21  -1.7338
 -41.48  -1.6875
 -51.95  -1.5213
 -63.88  -1.2725
1963/02/01 00:00:00 8 2
  -3.05  -1.7583
  -9.45  -1.7583
 -16.36  -1.7583
 -23.90  -1.7583
 -32.21  -1.7582
 -41.48  -1.7460
 -51.95  -1.6657
 -63.88  -1.3620
1963/03/01 00:00:00 8 2
  -3.05  -1.7707
  -9.45  -1.7707
 -16.36  -1.7707
 -23.90  -1.7707
 -32.21  -1.7707
 -41.48  -1.7677
 -51.95  -1.7402
 -63.88  -1.4378
1963/04/01 00:00:00 8 2
  -3.05  -1.7816
  -9.45  -1.7816
 -16.36  -1.7811
 -23.90  -1.7777
 -32.21  -1.7749
 -41.48  -1.7703
 -51.95  -1.7630
 -63.88  -1.4911
1963/05/01 00:00:00 8 2
  -3.05  -1.7935
  -9.45  -1.7865
 -16.36  -1.7719
 -23.90  -1.7627
 -32.21  -1.7535
 -41.48  -1.7505
 -51.95  -1.7411
 -63.88  -1.4230
1963/06/01 00:00:00 8 2
  -3.05  -1.7586
  -9.45  -1.7522
 -16.36  -1.7391
 -23.90  -1.7143
 -32.21  -1.6840
 -41.48  -1.6863
 -51.95  -1.6795
 -63.88  -1.3011
1963/07/01 00:00:00 8 2
  -3.05  -1.6953
  -9.45  -1.6832
 -16.36  -1.6707
 -23.90  -1.6434
 -32.21  -1.5946
 -41.48  -1.6063
 -51.95  -1.5801
 -63.88  -1.1243
1963/08/01 00:00:00 8 2
  -3.05  -1.6438
  -9.45  -1.6355
 -16.36  -1.6198
 -23.90  -1.5724
 -32.21  -1.4919
 -41.48  -1.4578
 -51.95  -1.3591
 -63.88  -1.0503
1963/09/01 00:00:00 8 2
  -3.05  -1.6506
  -9.45  -1.6373
 -16.36  -1.6148
 -23.90  -1.5611
 -32.21  -1.4664
 -41.48  -1.3855
 -51.95  -1.2484
 -63.88  -1.0340
1963/10/01 00:00:00 8 2
  -3.05  -1.6778
  -9.45  -1.6769
 -16.36  -1.6616
 -23.90  -1.6001
 -32.21  -1.4994
 -41.48  -1.3964
 -51.95  -1.2438
 -63.88  -1.0504
1963/11/01 00:00:00 8 2
  -3.05  -1.7082
  -9.45  -1.7082
 -16.36  -1.7079
 -23.90  -1.6753
 -32.21  -1.5938
 -41.48  -1.5014
 -51.95  -1.3448
 -63.88  -1.1265
1963/12/01 00:00:00 8 2
  -3.05  -1.7251
  -9.45  -1.7251
 -16.36  -1.7251
 -23.90  -1.7249
 -32.21  -1.7028
 -41.48  -1.6173
 -51.95  -1.4647
 -63.88  -1.1987
1964/01/01 00:00:00 8 2
  -3.05  -1.7391
  -9.45  -1.7391
 -16.36  -1.7391
 -23.90  -1.7391
 -32.21  -1.7338
 -41.48  -1.6875
 -51.95  -1.5213
 -63.88  -1.2725
1964/02/01 00:00:00 8 2
  -3.05  -1.7583
  -9.45  -1.7583
 -16.36  -1.7583
 -23.90  -1.7583
 -32.21  -1.7582
 -41.48  -1.7460
 -51.95  -1.6657
 -63.88  -1.3620
1964/03/01 00:00:00 8 2
  -3.05  -1.7707
  -9.45  -1.7707
 -16.36  -1.7707
 -23.90  -1.7707
 -32.21  -1.7707
 -41.48  -1.7677
 -51.95  -1.7402
 -63.88  -1.4378
1964/04/01 00:00:00 8 2
  -3.05  -1.7816
  -9.45  -1.7816
 -16.36  -1.7811
 -23.90  -1.7777
 -32.21  -1.7749
 -41.48  -1.7703
 -51.95  -1.7630
 -63.88  -1.4911
1964/05/01 00:00:00 8 2
  -3.05  -1.7935
  -9.45  -1.7865
 -16.36  -1.7719
 -23.90  -1.7627
 -32.21  -1.7535
 -41.48  -1.7505
 -51.95  -1.7411
 -63.88  -1.4230
1964/06/01 00:00:00 8 2
  -3.05  -1.7586
  -9.45  -1.7522
 -16.36  -1.7391
 -23.90  -1.7143
 -32.21  -1.6840
 -41.48  -1.6863
 -51.95  -1.6795
 -63.88  -1.3011
1964/07/01 00:00:00 8 2
  -3.05  -1.6953
  -9.45  -1.6832
 -16.36  -1.6707
 -23.90  -1.6434
 -32.21  -1.5946
 -41.48  -1.6063
 -51.95  -1.5801
 -63.88  -1.1243
1964/08/01 00:00:00 8 2
  -3.05  -1.6438
  -9.45  -1.6355
 -16.36  -1.6198
 -23.90  -1.5724
 -32.21  -1.4919
 -41.48  -1.4578
 -51.95  -1.3591
 -63.88  -1.0503
1964/09/01 00:00:00 8 2
  -3.05  -1.6506
  -9.45  -1.6373
 -16.36  -1.6148
 -23.90  -1.5611
 -32.21  -1.4664
 -41.48  -1.3855
 -51.95  -1.2484
 -63.88  -1.0340
1964/10/01 00:00:00 8 2
  -3.05  -1.6778
  -9.45  -1.6769
 -16.36  -1.6616
 -23.90  -1.6001
 -32.21  -1.4994
 -41.48  -1.3964
 -51.95  -1.2438
 -63.88  -1.0504
1964/11/01 00:00:00 8 2
  -3.05  -1.7082
  -9.45  -1.7082
 -16.36  -1.7079
 -23.90  -1.6753
 -32.21  -1.5938
 -41.48  -1.5014
 -51.95  -1.3448
 -63.88  -1.1265
1964/12/01 00:00:00 8 2
  -3.05  -1.7251
  -9.45  -1.7251
 -16.36  -1.7251
 -23.90  -1.7249
 -32.21  -1.7028
 -41.48  -1.6173
 -51.95  -1.4647
 -63.88  -1.1987
1965/01/01 00:00:00 8 2
  -3.05  -1.7391
  -9.45  -1.7391
 -16.36  -1.7391
 -23.90  -1.7391
 -32.21  -1.7338
 -41.48  -1.6875
 -51.95  -1.5213
 -63.88  -1.2725
1965/02/01 00:00:00 8 2
  -3.05  -1.7583
  -9.45  -1.7583
 -16.36  -1.7583
 -23.90  -1.7583
 -32.21  -1.7582
 -41.48  -1.7460
 -51.95  -1.6657
 -63.88  -1.3620
1965/03/01 00:00:00 8 2
  -3.05  -1.7707
  -9.45  -1.7707
 -16.36  -1.7707
 -23.90  -1.7707
 -32.21  -1.7707
 -41.48  -1.7677
 -51.95  -1.7402
 -63.88  -1.4378
1965/04/01 00:00:00 8 2
  -3.05  -1.7816
  -9.45  -1.7816
 -16.36  -1.7811
 -23.90  -1.7777
 -32.21  -1.7749
 -41.48  -1.7703
 -51.95  -1.7630
 -63.88  -1.4911
1965/05/01 00:00:00 8 2
  -3.05  -1.7935
  -9.45  -1.7865
 -16.36  -1.7719
 -23.90  -1.7627
 -32.21  -1.7535
 -41.48  -1.7505
 -51.95  -1.7411
 -63.88  -1.4230
1965/06/01 00:00:00 8 2
  -3.05  -1.7586
  -9.45  -1.7522
 -16.36  -1.7391
 -23.90  -1.7143
 -32.21  -1.6840
 -41.48  -1.6863
 -51.95  -1.6795
 -63.88  -1.3011
1965/07/01 00:00:00 8 2
  -3.05  -1.6953
  -9.45  -1.6832
 -16.36  -1.6707
 -23.90  -1.6434
 -32.21  -1.5946
 -41.48  -1.6063
 -51.95  -1.5801
 -63.88  -1.1243
1965/08/01 00:00:00 8 2
  -3.05  -1.6438
  -9.45  -1.6355
 -16.36  -1.6198
 -23.90  -1.5724
 -32.21  -1.4919
 -41.48  -1.4578
 -51.95  -1.3591
 -63.88  -1.0503
1965/09/01 00:00:00 8 2
  -3.05  -1.6506
  -9.45  -1.6373
 -16.36  -1.6148
 -23.90  -1.5611
 -32.21  -1.4664
 -41.48  -1.3855
 -51.95  -1.2484
 -63.88  -1.0340
1965/10/01 00:00:00 8 2
  -3.05  -1.6778
  -9.45  -1.6769
 -16.36  -1.6616
 -23.90  -1.6001
 -32.21  -1.4994
 -41.48  -1.3964
 -51.95  -1.2438
 -63.88  -1.0504
1965/11/01 00:00:00 8 2
  -3.05  -1.7082
  -9.45  -1.7082
 -16.36  -1.7079
 -23.90  -1.6753
 -32.21  -1.5938
 -41.48  -1.5014
 -51.95  -1.3448
 -63.88  -1.1265
1965/12/01 00:00:00 8 2
  -3.05  -1.7251
  -9.45  -1.7251
 -16.36  -1.7251
 -23.90  -1.7249
 -32.21  -1.7028
 -41.48  -1.6173
 -51.95  -1.4647
 -63.88  -1.1987
1966/01/01 00:00:00 8 2
  -3.05  -1.7391
  -9.45  -1.7391
 -16.36  -1.7391
 -23.90  -1.7391
 -32.21  -1.7338
 -41.48  -1.6875
 -51.95  -1.5213
 -63.88  -1.2725
1966/02/01 00:00:00 8 2
  -3.05  -1.7583
  -9.45  -1.7583
 -16.36  -1.7583
 -23.90  -1.7583
 -32.21  -1.7582
 -41.48  -1.7460
 -51.95  -1.6657
 -63.88  -1.3620
1966/03/01 00:00:00 8 2
  -3.05  -1.7707
  -9.45  -1.7707
 -16.36  -1.7707
 -23.90  -1.7707
 -32.21  -1.7707
 -41.48  -1.7677
 -51.95  -1.7402
 -63.88  -1.4378
1966/04/01 00:00:00 8 2
  -3.05  -1.7816
  -9.45  -1.7816
 -16.36  -1.7811
 -23.90  -1.7777
 -32.21  -1.7749
 -41.48  -1.7703
 -51.95  -1.7630
 -63.88  -1.4911
1966/05/01 00:00:00 8 2
  -3.05  -1.7935
  -9.45  -1.7865
 -16.36  -1.7719
 -23.90  -1.7627
 -32.21  -1.7535
 -41.48  -1.7505
 -51.95  -1.7411
 -63.88  -1.4230
1966/06/01 00:00:00 8 2
  -3.05  -1.7586
  -9.45  -1.7522
 -16.36  -1.7391
 -23.90  -1.7143
 -32.21  -1.6840
 -41.48  -1.6863
 -51.95  -1.6795
 -63.88  -1.3011
1966/07/01 00:00:00 8 2
  -3.05  -1.6953
  -9.45  -1.6832
 -16.36  -1.6707
 -23.90  -1.6434
 -32.21  -1.5946
 -41.48  -1.6063
 -51.95  -1.5801
 -63.88  -1.1243
1966/08/01 00:00:00 8 2
  -3.05  -1.6438
  -9.45  -1.6355
 -16.36  -1.6198
 -23.90  -1.5724
 -32.21  -1.4919
 -41.48  -1.4578
 -51.95  -1.3591
 -63.88  -1.0503
1966/09/01 00:00:00 8 2
  -3.05  -1.6506
  -9.45  -1.6373
 -16.36  -1.6148
 -23.90  -1.5611
 -32.21  -1.4664
 -41.48  -1.3855
 -51.95  -1.2484
 -63.88  -1.0340
1966/10/01 00:00:00 8 2
  -3.05  -1.6778
  -9.45  -1.6769
 -16.36  -1.6616
 -23.90  -1.6001
 -32.21  -1.4994
 -41.48  -1.3964
 -51.95  -1.2438
 -63.88  -1.0504
1966/11/01 00:00:00 8 2
  -3.05  -1.7082
  -9.45  -1.7082
 -16.36  -1.7079
 -23.90  -1.6753
 -32.21  -1.5938
 -41.48  -1.5014
 -51.95  -1.3448
 -63.88  -1.1265
1966/12/01 00:00:00 8 2
  -3.05  -1.7251
  -9.45  -1.7251
 -16.36  -1.7251
 -23.90  -1.7249
 -32.21  -1.7028
 -41.48  -1.6173
 -51.95  -1.4647
 -63.88  -1.1987
1967/01/01 00:00:00 8 2
  -3.05  -1.7391
  -9.45  -1.7391
 -16.36  -1.7391
 -23.90  -1.7391
 -32.21  -1.7338
 -41.48  -1.6875
 -51.95  -1.5213
 -63.88  -1.2725
1967/02/01 00:00:00 8 2
  -3.05  -1.7583
  -9.45  -1.7583
 -16.36  -1.7583
 -23.90  -1.7583
 -32.21  -1.7582
 -41.48  -1.7460
 -51.95  -1.6657
 -63.88  -1.3620
1967/03/01 00:00:00 8 2
  -3.05  -1.7707
  -9.45  -1.7707
 -16.36  -1.7707
 -23.90  -1.7707
 -32.21  -1.7707
 -41.48  -1.7677
 -51.95  -1.7402
 -63.88  -1.4378
1967/04/01 00:00:00 8 2
  -3.05  -1.7816
  -9.45  -1.7816
 -16.36  -1.7811
 -23.90  -1.7777
 -32.21  -1.7749
 -41.48  -1.7703
 -51.95  -1.7630
 -63.88  -1.4911
1967/05/01 00:00:00 8 2
  -3.05  -1.7935
  -9.45  -1.7865
 -16.36  -1.7719
 -23.90  -1.7627
 -32.21  -1.7535
 -41.48  -1.7505
 -51.95  -1.7411
 -63.88  -1.4230
1967/06/01 00:00:00 8 2
  -3.05  -1.7586
  -9.45  -1.7522
 -16.36  -1.7391
 -23.90  -1.7143
 -32.21  -1.6840
 -41.48  -1.6863
 -51.95  -1.6795
 -63.88  -1.3011
1967/07/01 00:00:00 8 2
  -3.05  -1.6953
  -9.45  -1.6832
 -16.36  -1.6707
 -23.90  -1.6434
 -32.21  -1.5946
 -41.48  -1.6063
 -51.95  -1.5801
 -63.88  -1.1243
1967/08/01 00:00:00 8 2
  -3.05  -1.6438
  -9.45  -1.6355
 -16.36  -1.6198
 -23.90  -1.5724
 -32.21  -1.4919
 -41.48  -1.4578
 -51.95  -1.3591
 -63.88  -1.0503
1967/09/01 00:00:00 8 2
  -3.05  -1.6506
  -9.45  -1.6373
 -16.36  -1.6148
 -23.90  -1.5611
 -32.21  -1.4664
 -41.48  -1.3855
 -51.95  -1.2484
 -63.88  -1.0340
1967/10/01 00:00:00 8 2
  -3.05  -1.6778
  -9.45  -1.6769
 -16.36  -1.6616
 -23.90  -1.6001
 -32.21  -1.4994
 -41.48  -1.3964
 -51.95  -1.2438
 -63.88  -1.0504
1967/11/01 00:00:00 8 2
  -3.05  -1.7082
  -9.45  -1.7082
 -16.36  -1.7079
 -23.90  -1.6753
 -32.21  -1.5938
 -41.48  -1.5014
 -51.95  -1.3448
 -63.88  -1.1265
1967/12/01 00:00:00 8 2
  -3.05  -1.7251
  -9.45  -1.7251
 -16.36  -1.7251
 -23.90  -1.7249
 -32.21  -1.7028
 -41.48  -1.6173
 -51.95  -1.4647
 -63.88  -1.1987
1968/01/01 00:00:00 8 2
  -3.05  -1.7391
  -9.45  -1.7391
 -16.36  -1.7391
 -23.90  -1.7391
 -32.21  -1.7338
 -41.48  -1.6875
 -51.95  -1.5213
 -63.88  -1.2725
1968/02/01 00:00:00 8 2
  -3.05  -1.7583
  -9.45  -1.7583
 -16.36  -1.7583
 -23.90  -1.7583
 -32.21  -1.7582
 -41.48  -1.7460
 -51.95  -1.6657
 -63.88  -1.3620
1968/03/01 00:00:00 8 2
  -3.05  -1.7707
  -9.45  -1.7707
 -16.36  -1.7707
 -23.90  -1.7707
 -32.21  -1.7707
 -41.48  -1.7677
 -51.95  -1.7402
 -63.88  -1.4378
1968/04/01 00:00:00 8 2
  -3.05  -1.7816
  -9.45  -1.7816
 -16.36  -1.7811
 -23.90  -1.7777
 -32.21  -1.7749
 -41.48  -1.7703
 -51.95  -1.7630
 -63.88  -1.4911
1968/05/01 00:00:00 8 2
  -3.05  -1.7935
  -9.45  -1.7865
 -16.36  -1.7719
 -23.90  -1.7627
 -32.21  -1.7535
 -41.48  -1.7505
 -51.95  -1.7411
 -63.88  -1.4230
1968/06/01 00:00:00 8 2
  -3.05  -1.7586
  -9.45  -1.7522
 -16.36  -1.7391
 -23.90  -1.7143
 -32.21  -1.6840
 -41.48  -1.6863
 -51.95  -1.6795
 -63.88  -1.3011
1968/07/01 00:00:00 8 2
  -3.05  -1.6953
  -9.45  -1.6832
 -16.36  -1.6707
 -23.90  -1.6434
 -32.21  -1.5946
 -41.48  -1.6063
 -51.95  -1.5801
 -63.88  -1.1243
1968/08/01 00:00:00 8 2
  -3.05  -1.6438
  -9.45  -1.6355
 -16.36  -1.6198
 -23.90  -1.5724
 -32.21  -1.4919
 -41.48  -1.4578
 -51.95  -1.3591
 -63.88  -1.0503
1968/09/01 00:00:00 8 2
  -3.05  -1.6506
  -9.45  -1.6373
 -16.36  -1.6148
 -23.90  -1.5611
 -32.21  -1.4664
 -41.48  -1.3855
 -51.95  -1.2484
 -63.88  -1.0340
1968/10/01 00:00:00 8 2
  -3.05  -1.6778
  -9.45  -1.6769
 -16.36  -1.6616
 -23.90  -1.6001
 -32.21  -1.4994
 -41.48  -1.3964
 -51.95  -1.2438
 -63.88  -1.0504
1968/11/01 00:00:00 8 2
  -3.05  -1.7082
  -9.45  -1.7082
 -16.36  -1.7079
 -23.90  -1.6753
 -32.21  -1.5938
 -41.48  -1.5014
 -51.95  -1.3448
 -63.88  -1.1265
1968/12/01 00:00:00 8 2
  -3.05  -1.7251
  -9.45  -1.7251
 -16.36  -1.7251
 -23.90  -1.7249
 -32.21  -1.7028
 -41.48  -1.6173
 -51.95  -1.4647
 -63.88  -1.1987
1969/01/01 00:00:00 8 2
  -3.05  -1.7391
  -9.45  -1.7391
 -16.36  -1.7391
 -23.90  -1.7391
 -32.21  -1.7338
 -41.48  -1.6875
 -51.95  -1.5213
 -63.88  -1.2725
1969/02/01 00:00:00 8 2
  -3.05  -1.7583
  -9.45  -1.7583
 -16.36  -1.7583
 -23.90  -1.7583
 -32.21  -1.7582
 -41.48  -1.7460
 -51.95  -1.6657
 -63.88  -1.3620
1969/03/01 00:00:00 8 2
  -3.05  -1.7707
  -9.45  -1.7707
 -16.36  -1.7707
 -23.90  -1.7707
 -32.21  -1.7707
 -41.48  -1.7677
 -51.95  -1.7402
 -63.88  -1.4378
1969/04/01 00:00:00 8 2
  -3.05  -1.7816
  -9.45  -1.7816
 -16.36  -1.7811
 -23.90  -1.7777
 -32.21  -1.7749
 -41.48  -1.7703
 -51.95  -1.7630
 -63.88  -1.4911
1969/05/01 00:00:00 8 2
  -3.05  -1.7935
  -9.45  -1.7865
 -16.36  -1.7719
 -23.90  -1.7627
 -32.21  -1.7535
 -41.48  -1.7505
 -51.95  -1.7411
 -63.88  -1.4230
1969/06/01 00:00:00 8 2
  -3.05  -1.7586
  -9.45  -1.7522
 -16.36  -1.7391
 -23.90  -1.7143
 -32.21  -1.6840
 -41.48  -1.6863
 -51.95  -1.6795
 -63.88  -1.3011
1969/07/01 00:00:00 8 2
  -3.05  -1.6953
  -9.45  -1.6832
 -16.36  -1.6707
 -23.90  -1.6434
 -32.21  -1.5946
 -41.48  -1.6063
 -51.95  -1.5801
 -63.88  -1.1243
1969/08/01 00:00:00 8 2
  -3.05  -1.6438
  -9.45  -1.6355
 -16.36  -1.6198
 -23.90  -1.5724
 -32.21  -1.4919
 -41.48  -1.4578
 -51.95  -1.3591
 -63.88  -1.0503
1969/09/01 00:00:00 8 2
  -3.05  -1.6506
  -9.45  -1.6373
 -16.36  -1.6148
 -23.90  -1.5611
 -32.21  -1.4664
 -41.48  -1.3855
 -51.95  -1.2484
 -63.88  -1.0340
1969/10/01 00:00:00 8 2
  -3.05  -1.6778
  -9.45  -1.6769
 -16.36  -1.6616
 -23.90  -1.6001
 -32.21  -1.4994
 -41.48  -1.3964
 -51.95  -1.2438
 -63.88  -1.0504
1969/11/01 00:00:00 8 2
  -3.05  -1.7082
  -9.45  -1.7082
 -16.36  -1.7079
 -23.90  -1.6753
 -32.21  -1.5938
 -41.48  -1.5014
 -51.95  -1.3448
 -63.88  -1.1265
1969/12/01 00:00:00 8 2
  -3.05  -1.7251
  -9.45  -1.7251
 -16.36  -1.7251
 -23.90  -1.7249
 -32.21  -1.7028
 -41.48  -1.6173
 -51.95  -1.4647
 -63.88  -1.1987
1970/01/01 00:00:00 8 2
  -3.05  -1.7391
  -9.45  -1.7391
 -16.36  -1.7391
 -23.90  -1.7391
 -32.21  -1.7338
 -41.48  -1.6875
 -51.95  -1.5213
 -63.88  -1.2725
1970/02/01 00:00:00 8 2
  -3.05  -1.7583
  -9.45  -1.7583
 -16.36  -1.7583
 -23.90  -1.7583
 -32.21  -1.7582
 -41.48  -1.7460
 -51.95  -1.6657
 -63.88  -1.3620
1970/03/01 00:00:00 8 2
  -3.05  -1.7707
  -9.45  -1.7707
 -16.36  -1.7707
 -23.90  -1.7707
 -32.21  -1.7707
 -41.48  -1.7677
 -51.95  -1.7402
 -63.88  -1.4378
1970/04/01 00:00:00 8 2
  -3.05  -1.7816
  -9.45  -1.7816
 -16.36  -1.7811
 -23.90  -1.7777
 -32.21  -1.7749
 -41.48  -1.7703
 -51.95  -1.7630
 -63.88  -1.4911
1970/05/01 00:00:00 8 2
  -3.05  -1.7935
  -9.45  -1.7865
 -16.36  -1.7719
 -23.90  -1.7627
 -32.21  -1.7535
 -41.48  -1.7505
 -51.95  -1.7411
 -63.88  -1.4230
1970/06/01 00:00:00 8 2
  -3.05  -1.7586
  -9.45  -1.7522
 -16.36  -1.7391
 -23.90  -1.7143
 -32.21  -1.6840
 -41.48  -1.6863
 -51.95  -1.6795
 -63.88  -1.3011
1970/07/01 00:00:00 8 2
  -3.05  -1.6953
  -9.45  -1.6832
 -16.36  -1.6707
 -23.90  -1.6434
 -32.21  -1.5946
 -41.48  -1.6063
 -51.95  -1.5801
 -63.88  -1.1243
1970/08/01 00:00:00 8 2
  -3.05  -1.6438
  -9.45  -1.6355
 -16.36  -1.6198
 -23.90  -1.5724
 -32.21  -1.4919
 -41.48  -1.4578
 -51.95  -1.3591
 -63.88  -1.0503
1970/09/01 00:00:00 8 2
  -3.05  -1.6506
  -9.45  -1.6373
 -16.36  -1.6148
 -23.90  -1.5611
 -32.21  -1.4664
 -41.48  -1.3855
 -51.95  -1.2484
 -63.88  -1.0340
1970/10/01 00:00:00 8 2
  -3.05  -1.6778
  -9.45  -1.6769
 -16.36  -1.6616
 -23.90  -1.6001
 -32.21  -1.4994
 -41.48  -1.3964
 -51.95  -1.2438
 -63.88  -1.0504
1970/11/01 00:00:00 8 2
  -3.05  -1.7082
  -9.45  -1.7082
 -16.36  -1.7079
 -23.90  -1.6753
 -32.21  -1.5938
 -41.48  -1.5014
 -51.95  -1.3448
 -63.88  -1.1265
1970/12/01 00:00:00 8 2
  -3.05  -1.7251
  -9.45  -1.7251
 -16.36  -1.7251
 -23.90  -1.7249
 -32.21  -1.7028
 -41.48  -1.6173
 -51.95  -1.4647
 -63.88  -1.1987
1971/01/01 00:00:00 8 2
  -3.05  -1.7391
  -9.45  -1.7391
 -16.36  -1.7391
 -23.90  -1.7391
 -32.21  -1.7338
 -41.48  -1.6875
 -51.95  -1.5213
 -63.88  -1.2725
1971/02/01 00:00:00 8 2
  -3.05  -1.7583
  -9.45  -1.7583
 -16.36  -1.7583
 -23.90  -1.7583
 -32.21  -1.7582
 -41.48  -1.7460
 -51.95  -1.6657
 -63.88  -1.3620
1971/03/01 00:00:00 8 2
  -3.05  -1.7707
  -9.45  -1.7707
 -16.36  -1.7707
 -23.90  -1.7707
 -32.21  -1.7707
 -41.48  -1.7677
 -51.95  -1.7402
 -63.88  -1.4378
1971/04/01 00:00:00 8 2
  -3.05  -1.7816
  -9.45  -1.7816
 -16.36  -1.7811
 -23.90  -1.7777
 -32.21  -1.7749
 -41.48  -1.7703
 -51.95  -1.7630
 -63.88  -1.4911
1971/05/01 00:00:00 8 2
  -3.05  -1.7935
  -9.45  -1.7865
 -16.36  -1.7719
 -23.90  -1.7627
 -32.21  -1.7535
 -41.48  -1.7505
 -51.95  -1.7411
 -63.88  -1.4230
1971/06/01 00:00:00 8 2
  -3.05  -1.7586
  -9.45  -1.7522
 -16.36  -1.7391
 -23.90  -1.7143
 -32.21  -1.6840
 -41.48  -1.6863
 -51.95  -1.6795
 -63.88  -1.3011
1971/07/01 00:00:00 8 2
  -3.05  -1.6953
  -9.45  -1.6832
 -16.36  -1.6707
 -23.90  -1.6434
 -32.21  -1.5946
 -41.48  -1.6063
 -51.95  -1.5801
 -63.88  -1.1243
1971/08/01 00:00:00 8 2
  -3.05  -1.6438
  -9.45  -1.6355
 -16.36  -1.6198
 -23.90  -1.5724
 -32.21  -1.4919
 -41.48  -1.4578
 -51.95  -1.3591
 -63.88  -1.0503
1971/09/01 00:00:00 8 2
  -3.05  -1.6506
  -9.45  -1.6373
 -16.36  -1.6148
 -23.90  -1.5611
 -32.21  -1.4664
 -41.48  -1.3855
 -51.95  -1.2484
 -63.88  -1.0340
1971/10/01 00:00:00 8 2
  -3.05  -1.6778
  -9.45  -1.6769
 -16.36  -1.6616
 -23.90  -1.6001
 -32.21  -1.4994
 -41.48  -1.3964
 -51.95  -1.2438
 -63.88  -1.0504
1971/11/01 00:00:00 8 2
  -3.05  -1.7082
  -9.45  -1.7082
 -16.36  -1.7079
 -23.90  -1.6753
 -32.21  -1.5938
 -41.48  -1.5014
 -51.95  -1.3448
 -63.88  -1.1265
1971/12/01 00:00:00 8 2
  -3.05  -1.7251
  -9.45  -1.7251
 -16.36  -1.7251
 -23.90  -1.7249
 -32.21  -1.7028
 -41.48  -1.6173
 -51.95  -1.4647
 -63.88  -1.1987
1972/01/01 00:00:00 8 2
  -3.05  -1.7391
  -9.45  -1.7391
 -16.36  -1.7391
 -23.90  -1.7391
 -32.21  -1.7338
 -41.48  -1.6875
 -51.95  -1.5213
 -63.88  -1.2725
1972/02/01 00:00:00 8 2
  -3.05  -1.7583
  -9.45  -1.7583
 -16.36  -1.7583
 -23.90  -1.7583
 -32.21  -1.7582
 -41.48  -1.7460
 -51.95  -1.6657
 -63.88  -1.3620
1972/03/01 00:00:00 8 2
  -3.05  -1.7707
  -9.45  -1.7707
 -16.36  -1.7707
 -23.90  -1.7707
 -32.21  -1.7707
 -41.48  -1.7677
 -51.95  -1.7402
 -63.88  -1.4378
1972/04/01 00:00:00 8 2
  -3.05  -1.7816
  -9.45  -1.7816
 -16.36  -1.7811
 -23.90  -1.7777
 -32.21  -1.7749
 -41.48  -1.7703
 -51.95  -1.7630
 -63.88  -1.4911
1972/05/01 00:00:00 8 2
  -3.05  -1.7935
  -9.45  -1.7865
 -16.36  -1.7719
 -23.90  -1.7627
 -32.21  -1.7535
 -41.48  -1.7505
 -51.95  -1.7411
 -63.88  -1.4230
1972/06/01 00:00:00 8 2
  -3.05  -1.7586
  -9.45  -1.7522
 -16.36  -1.7391
 -23.90  -1.7143
 -32.21  -1.6840
 -41.48  -1.6863
 -51.95  -1.6795
 -63.88  -1.3011
1972/07/01 00:00:00 8 2
  -3.05  -1.6953
  -9.45  -1.6832
 -16.36  -1.6707
 -23.90  -1.6434
 -32.21  -1.5946
 -41.48  -1.6063
 -51.95  -1.5801
 -63.88  -1.1243
1972/08/01 00:00:00 8 2
  -3.05  -1.6438
  -9.45  -1.6355
 -16.36  -1.6198
 -23.90  -1.5724
 -32.21  -1.4919
 -41.48  -1.4578
 -51.95  -1.3591
 -63.88  -1.0503
1972/09/01 00:00:00 8 2
  -3.05  -1.6506
  -9.45  -1.6373
 -16.36  -1.6148
 -23.90  -1.5611
 -32.21  -1.4664
 -41.48  -1.3855
 -51.95  -1.2484
 -63.88  -1.0340
1972/10/01 00:00:00 8 2
  -3.05  -1.6778
  -9.45  -1.6769
 -16.36  -1.6616
 -23.90  -1.6001
 -32.21  -1.4994
 -41.48  -1.3964
 -51.95  -1.2438
 -63.88  -1.0504
1972/11/01 00:00:00 8 2
  -3.05  -1.7082
  -9.45  -1.7082
 -16.36  -1.7079
 -23.90  -1.6753
 -32.21  -1.5938
 -41.48  -1.5014
 -51.95  -1.3448
 -63.88  -1.1265
1972/12/01 00:00:00 8 2
  -3.05  -1.7251
  -9.45  -1.7251
 -16.36  -1.7251
 -23.90  -1.7249
 -32.21  -1.7028
 -41.48  -1.6173
 -51.95  -1.4647
 -63.88  -1.1987
1973/01/01 00:00:00 8 2
  -3.05  -1.7391
  -9.45  -1.7391
 -16.36  -1.7391
 -23.90  -1.7391
 -32.21  -1.7338
 -41.48  -1.6875
 -51.95  -1.5213
 -63.88  -1.2725
1973/02/01 00:00:00 8 2
  -3.05  -1.7583
  -9.45  -1.7583
 -16.36  -1.7583
 -23.90  -1.7583
 -32.21  -1.7582
 -41.48  -1.7460
 -51.95  -1.6657
 -63.88  -1.3620
1973/03/01 00:00:00 8 2
  -3.05  -1.7707
  -9.45  -1.7707
 -16.36  -1.7707
 -23.90  -1.7707
 -32.21  -1.7707
 -41.48  -1.7677
 -51.95  -1.7402
 -63.88  -1.4378
1973/04/01 00:00:00 8 2
  -3.05  -1.7816
  -9.45  -1.7816
 -16.36  -1.7811
 -23.90  -1.7777
 -32.21  -1.7749
 -41.48  -1.7703
 -51.95  -1.7630
 -63.88  -1.4911
1973/05/01 00:00:00 8 2
  -3.05  -1.7935
  -9.45  -1.7865
 -16.36  -1.7719
 -23.90  -1.7627
 -32.21  -1.7535
 -41.48  -1.7505
 -51.95  -1.7411
 -63.88  -1.4230
1973/06/01 00:00:00 8 2
  -3.05  -1.7586
  -9.45  -1.7522
 -16.36  -1.7391
 -23.90  -1.7143
 -32.21  -1.6840
 -41.48  -1.6863
 -51.95  -1.6795
 -63.88  -1.3011
1973/07/01 00:00:00 8 2
  -3.05  -1.6953
  -9.45  -1.6832
 -16.36  -1.6707
 -23.90  -1.6434
 -32.21  -1.5946
 -41.48  -1.6063
 -51.95  -1.5801
 -63.88  -1.1243
1973/08/01 00:00:00 8 2
  -3.05  -1.6438
  -9.45  -1.6355
 -16.36  -1.6198
 -23.90  -1.5724
 -32.21  -1.4919
 -41.48  -1.4578
 -51.95  -1.3591
 -63.88  -1.0503
1973/09/01 00:00:00 8 2
  -3.05  -1.6506
  -9.45  -1.6373
 -16.36  -1.6148
 -23.90  -1.5611
 -32.21  -1.4664
 -41.48  -1.3855
 -51.95  -1.2484
 -63.88  -1.0340
1973/10/01 00:00:00 8 2
  -3.05  -1.6778
  -9.45  -1.6769
 -16.36  -1.6616
 -23.90  -1.6001
 -32.21  -1.4994
 -41.48  -1.3964
 -51.95  -1.2438
 -63.88  -1.0504
1973/11/01 00:00:00 8 2
  -3.05  -1.7082
  -9.45  -1.7082
 -16.36  -1.7079
 -23.90  -1.6753
 -32.21  -1.5938
 -41.48  -1.5014
 -51.95  -1.3448
 -63.88  -1.1265
1973/12/01 00:00:00 8 2
  -3.05  -1.7251
  -9.45  -1.7251
 -16.36  -1.7251
 -23.90  -1.7249
 -32.21  -1.7028
 -41.48  -1.6173
 -51.95  -1.4647
 -63.88  -1.1987
1974/01/01 00:00:00 8 2
  -3.05  -1.7391
  -9.45  -1.7391
 -16.36  -1.7391
 -23.90  -1.7391
 -32.21  -1.7338
 -41.48  -1.6875
 -51.95  -1.5213
 -63.88  -1.2725
1974/02/01 00:00:00 8 2
  -3.05  -1.7583
  -9.45  -1.7583
 -16.36  -1.7583
 -23.90  -1.7583
 -32.21  -1.7582
 -41.48  -1.7460
 -51.95  -1.6657
 -63.88  -1.3620
1974/03/01 00:00:00 8 2
  -3.05  -1.7707
  -9.45  -1.7707
 -16.36  -1.7707
 -23.90  -1.7707
 -32.21  -1.7707
 -41.48  -1.7677
 -51.95  -1.7402
 -63.88  -1.4378
1974/04/01 00:00:00 8 2
  -3.05  -1.7816
  -9.45  -1.7816
 -16.36  -1.7811
 -23.90  -1.7777
 -32.21  -1.7749
 -41.48  -1.7703
 -51.95  -1.7630
 -63.88  -1.4911
1974/05/01 00:00:00 8 2
  -3.05  -1.7935
  -9.45  -1.7865
 -16.36  -1.7719
 -23.90  -1.7627
 -32.21  -1.7535
 -41.48  -1.7505
 -51.95  -1.7411
 -63.88  -1.4230
1974/06/01 00:00:00 8 2
  -3.05  -1.7586
  -9.45  -1.7522
 -16.36  -1.7391
 -23.90  -1.7143
 -32.21  -1.6840
 -41.48  -1.6863
 -51.95  -1.6795
 -63.88  -1.3011
1974/07/01 00:00:00 8 2
  -3.05  -1.6953
  -9.45  -1.6832
 -16.36  -1.6707
 -23.90  -1.6434
 -32.21  -1.5946
 -41.48  -1.6063
 -51.95  -1.5801
 -63.88  -1.1243
1974/08/01 00:00:00 8 2
  -3.05  -1.6438
  -9.45  -1.6355
 -16.36  -1.6198
 -23.90  -1.5724
 -32.21  -1.4919
 -41.48  -1.4578
 -51.95  -1.3591
 -63.88  -1.0503
1974/09/01 00:00:00 8 2
  -3.05  -1.6506
  -9.45  -1.6373
 -16.36  -1.6148
 -23.90  -1.5611
 -32.21  -1.4664
 -41.48  -1.3855
 -51.95  -1.2484
 -63.88  -1.0340
1974/10/01 00:00:00 8 2
  -3.05  -1.6778
  -9.45  -1.6769
 -16.36  -1.6616
 -23.90  -1.6001
 -32.21  -1.4994
 -41.48  -1.3964
 -51.95  -1.2438
 -63.88  -1.0504
1974/11/01 00:00:00 8 2
  -3.05  -1.7082
  -9.45  -1.7082
 -16.36  -1.7079
 -23.90  -1.6753
 -32.21  -1.5938
 -41.48  -1.5014
 -51.95  -1.3448
 -63.88  -1.1265
1974/12/01 00:00:00 8 2
  -3.05  -1.7251
  -9.45  -1.7251
 -16.36  -1.7251
 -23.90  -1.7249
 -32.21  -1.7028
 -41.48  -1.6173
 -51.95  -1.4647
 -63.88  -1.1987
1975/01/01 00:00:00 8 2
  -3.05  -1.7391
  -9.45  -1.7391
 -16.36  -1.7391
 -23.90  -1.7391
 -32.21  -1.7338
 -41.48  -1.6875
 -51.95  -1.5213
 -63.88  -1.2725
1975/02/01 00:00:00 8 2
  -3.05  -1.7583
  -9.45  -1.7583
 -16.36  -1.7583
 -23.90  -1.7583
 -32.21  -1.7582
 -41.48  -1.7460
 -51.95  -1.6657
 -63.88  -1.3620
1975/03/01 00:00:00 8 2
  -3.05  -1.7707
  -9.45  -1.7707
 -16.36  -1.7707
 -23.90  -1.7707
 -32.21  -1.7707
 -41.48  -1.7677
 -51.95  -1.7402
 -63.88  -1.4378
1975/04/01 00:00:00 8 2
  -3.05  -1.7816
  -9.45  -1.7816
 -16.36  -1.7811
 -23.90  -1.7777
 -32.21  -1.7749
 -41.48  -1.7703
 -51.95  -1.7630
 -63.88  -1.4911
1975/05/01 00:00:00 8 2
  -3.05  -1.7935
  -9.45  -1.7865
 -16.36  -1.7719
 -23.90  -1.7627
 -32.21  -1.7535
 -41.48  -1.7505
 -51.95  -1.7411
 -63.88  -1.4230
1975/06/01 00:00:00 8 2
  -3.05  -1.7586
  -9.45  -1.7522
 -16.36  -1.7391
 -23.90  -1.7143
 -32.21  -1.6840
 -41.48  -1.6863
 -51.95  -1.6795
 -63.88  -1.3011
1975/07/01 00:00:00 8 2
  -3.05  -1.6953
  -9.45  -1.6832
 -16.36  -1.6707
 -23.90  -1.6434
 -32.21  -1.5946
 -41.48  -1.6063
 -51.95  -1.5801
 -63.88  -1.1243
1975/08/01 00:00:00 8 2
  -3.05  -1.6438
  -9.45  -1.6355
 -16.36  -1.6198
 -23.90  -1.5724
 -32.21  -1.4919
 -41.48  -1.4578
 -51.95  -1.3591
 -63.88  -1.0503
1975/09/01 00:00:00 8 2
  -3.05  -1.6506
  -9.45  -1.6373
 -16.36  -1.6148
 -23.90  -1.5611
 -32.21  -1.4664
 -41.48  -1.3855
 -51.95  -1.2484
 -63.88  -1.0340
1975/10/01 00:00:00 8 2
  -3.05  -1.6778
  -9.45  -1.6769
 -16.36  -1.6616
 -23.90  -1.6001
 -32.21  -1.4994
 -41.48  -1.3964
 -51.95  -1.2438
 -63.88  -1.0504
1975/11/01 00:00:00 8 2
  -3.05  -1.7082
  -9.45  -1.7082
 -16.36  -1.7079
 -23.90  -1.6753
 -32.21  -1.5938
 -41.48  -1.5014
 -51.95  -1.3448
 -63.88  -1.1265
1975/12/01 00:00:00 8 2
  -3.05  -1.7251
  -9.45  -1.7251
 -16.36  -1.7251
 -23.90  -1.7249
 -32.21  -1.7028
 -41.48  -1.6173
 -51.95  -1.4647
 -63.88  -1.1987
1976/01/01 00:00:00 8 2
  -3.05  -1.7391
  -9.45  -1.7391
 -16.36  -1.7391
 -23.90  -1.7391
 -32.21  -1.7338
 -41.48  -1.6875
 -51.95  -1.5213
 -63.88  -1.2725
1976/02/01 00:00:00 8 2
  -3.05  -1.7583
  -9.45  -1.7583
 -16.36  -1.7583
 -23.90  -1.7583
 -32.21  -1.7582
 -41.48  -1.7460
 -51.95  -1.6657
 -63.88  -1.3620
1976/03/01 00:00:00 8 2
  -3.05  -1.7707
  -9.45  -1.7707
 -16.36  -1.7707
 -23.90  -1.7707
 -32.21  -1.7707
 -41.48  -1.7677
 -51.95  -1.7402
 -63.88  -1.4378
1976/04/01 00:00:00 8 2
  -3.05  -1.7816
  -9.45  -1.7816
 -16.36  -1.7811
 -23.90  -1.7777
 -32.21  -1.7749
 -41.48  -1.7703
 -51.95  -1.7630
 -63.88  -1.4911
1976/05/01 00:00:00 8 2
  -3.05  -1.7935
  -9.45  -1.7865
 -16.36  -1.7719
 -23.90  -1.7627
 -32.21  -1.7535
 -41.48  -1.7505
 -51.95  -1.7411
 -63.88  -1.4230
1976/06/01 00:00:00 8 2
  -3.05  -1.7586
  -9.45  -1.7522
 -16.36  -1.7391
 -23.90  -1.7143
 -32.21  -1.6840
 -41.48  -1.6863
 -51.95  -1.6795
 -63.88  -1.3011
1976/07/01 00:00:00 8 2
  -3.05  -1.6953
  -9.45  -1.6832
 -16.36  -1.6707
 -23.90  -1.6434
 -32.21  -1.5946
 -41.48  -1.6063
 -51.95  -1.5801
 -63.88  -1.1243
1976/08/01 00:00:00 8 2
  -3.05  -1.6438
  -9.45  -1.6355
 -16.36  -1.6198
 -23.90  -1.5724
 -32.21  -1.4919
 -41.48  -1.4578
 -51.95  -1.3591
 -63.88  -1.0503
1976/09/01 00:00:00 8 2
  -3.05  -1.6506
  -9.45  -1.6373
 -16.36  -1.6148
 -23.90  -1.5611
 -32.21  -1.4664
 -41.48  -1.3855
 -51.95  -1.2484
 -63.88  -1.0340
1976/10/01 00:00:00 8 2
  -3.05  -1.6778
  -9.45  -1.6769
 -16.36  -1.6616
 -23.90  -1.6001
 -32.21  -1.4994
 -41.48  -1.3964
 -51.95  -1.2438
 -63.88  -1.0504
1976/11/01 00:00:00 8 2
  -3.05  -1.7082
  -9.45  -1.7082
 -16.36  -1.7079
 -23.90  -1.6753
 -32.21  -1.5938
 -41.48  -1.5014
 -51.95  -1.3448
 -63.88  -1.1265
1976/12/01 00:00:00 8 2
  -3.05  -1.7251
  -9.45  -1.7251
 -16.36  -1.7251
 -23.90  -1.7249
 -32.21  -1.7028
 -41.48  -1.6173
 -51.95  -1.4647
 -63.88  -1.1987
1977/01/01 00:00:00 8 2
  -3.05  -1.7391
  -9.45  -1.7391
 -16.36  -1.7391
 -23.90  -1.7391
 -32.21  -1.7338
 -41.48  -1.6875
 -51.95  -1.5213
 -63.88  -1.2725
1977/02/01 00:00:00 8 2
  -3.05  -1.7583
  -9.45  -1.7583
 -16.36  -1.7583
 -23.90  -1.7583
 -32.21  -1.7582
 -41.48  -1.7460
 -51.95  -1.6657
 -63.88  -1.3620
1977/03/01 00:00:00 8 2
  -3.05  -1.7707
  -9.45  -1.7707
 -16.36  -1.7707
 -23.90  -1.7707
 -32.21  -1.7707
 -41.48  -1.7677
 -51.95  -1.7402
 -63.88  -1.4378
1977/04/01 00:00:00 8 2
  -3.05  -1.7816
  -9.45  -1.7816
 -16.36  -1.7811
 -23.90  -1.7777
 -32.21  -1.7749
 -41.48  -1.7703
 -51.95  -1.7630
 -63.88  -1.4911
1977/05/01 00:00:00 8 2
  -3.05  -1.7935
  -9.45  -1.7865
 -16.36  -1.7719
 -23.90  -1.7627
 -32.21  -1.7535
 -41.48  -1.7505
 -51.95  -1.7411
 -63.88  -1.4230
1977/06/01 00:00:00 8 2
  -3.05  -1.7586
  -9.45  -1.7522
 -16.36  -1.7391
 -23.90  -1.7143
 -32.21  -1.6840
 -41.48  -1.6863
 -51.95  -1.6795
 -63.88  -1.3011
1977/07/01 00:00:00 8 2
  -3.05  -1.6953
  -9.45  -1.6832
 -16.36  -1.6707
 -23.90  -1.6434
 -32.21  -1.5946
 -41.48  -1.6063
 -51.95  -1.5801
 -63.88  -1.1243
1977/08/01 00:00:00 8 2
  -3.05  -1.6438
  -9.45  -1.6355
 -16.36  -1.6198
 -23.90  -1.5724
 -32.21  -1.4919
 -41.48  -1.4578
 -51.95  -1.3591
 -63.88  -1.0503
1977/09/01 00:00:00 8 2
  -3.05  -1.6506
  -9.45  -1.6373
 -16.36  -1.6148
 -23.90  -1.5611
 -32.21  -1.4664
 -41.48  -1.3855
 -51.95  -1.2484
 -63.88  -1.0340
1977/10/01 00:00:00 8 2
  -3.05  -1.6778
  -9.45  -1.6769
 -16.36  -1.6616
 -23.90  -1.6001
 -32.21  -1.4994
 -41.48  -1.3964
 -51.95  -1.2438
 -63.88  -1.0504
1977/11/01 00:00:00 8 2
  -3.05  -1.7082
  -9.45  -1.7082
 -16.36  -1.7079
 -23.90  -1.6753
 -32.21  -1.5938
 -41.48  -1.5014
 -51.95  -1.3448
 -63.88  -1.1265
1977/12/01 00:00:00 8 2
  -3.05  -1.7251
  -9.45  -1.7251
 -16.36  -1.7251
 -23.90  -1.7249
 -32.21  -1.7028
 -41.48  -1.6173
 -51.95  -1.4647
 -63.88  -1.1987
1978/01/01 00:00:00 8 2
  -3.05  -1.7391
  -9.45  -1.7391
 -16.36  -1.7391
 -23.90  -1.7391
 -32.21  -1.7338
 -41.48  -1.6875
 -51.95  -1.5213
 -63.88  -1.2725
1978/02/01 00:00:00 8 2
  -3.05  -1.7583
  -9.45  -1.7583
 -16.36  -1.7583
 -23.90  -1.7583
 -32.21  -1.7582
 -41.48  -1.7460
 -51.95  -1.6657
 -63.88  -1.3620
1978/03/01 00:00:00 8 2
  -3.05  -1.7707
  -9.45  -1.7707
 -16.36  -1.7707
 -23.90  -1.7707
 -32.21  -1.7707
 -41.48  -1.7677
 -51.95  -1.7402
 -63.88  -1.4378
1978/04/01 00:00:00 8 2
  -3.05  -1.7816
  -9.45  -1.7816
 -16.36  -1.7811
 -23.90  -1.7777
 -32.21  -1.7749
 -41.48  -1.7703
 -51.95  -1.7630
 -63.88  -1.4911
1978/05/01 00:00:00 8 2
  -3.05  -1.7935
  -9.45  -1.7865
 -16.36  -1.7719
 -23.90  -1.7627
 -32.21  -1.7535
 -41.48  -1.7505
 -51.95  -1.7411
 -63.88  -1.4230
1978/06/01 00:00:00 8 2
  -3.05  -1.7586
  -9.45  -1.7522
 -16.36  -1.7391
 -23.90  -1.7143
 -32.21  -1.6840
 -41.48  -1.6863
 -51.95  -1.6795
 -63.88  -1.3011
1978/07/01 00:00:00 8 2
  -3.05  -1.6953
  -9.45  -1.6832
 -16.36  -1.6707
 -23.90  -1.6434
 -32.21  -1.5946
 -41.48  -1.6063
 -51.95  -1.5801
 -63.88  -1.1243
1978/08/01 00:00:00 8 2
  -3.05  -1.6438
  -9.45  -1.6355
 -16.36  -1.6198
 -23.90  -1.5724
 -32.21  -1.4919
 -41.48  -1.4578
 -51.95  -1.3591
 -63.88  -1.0503
1978/09/01 00:00:00 8 2
  -3.05  -1.6506
  -9.45  -1.6373
 -16.36  -1.6148
 -23.90  -1.5611
 -32.21  -1.4664
 -41.48  -1.3855
 -51.95  -1.2484
 -63.88  -1.0340
1978/10/01 00:00:00 8 2
  -3.05  -1.6778
  -9.45  -1.6769
 -16.36  -1.6616
 -23.90  -1.6001
 -32.21  -1.4994
 -41.48  -1.3964
 -51.95  -1.2438
 -63.88  -1.0504
1978/11/01 00:00:00 8 2
  -3.05  -1.7082
  -9.45  -1.7082
 -16.36  -1.7079
 -23.90  -1.6753
 -32.21  -1.5938
 -41.48  -1.5014
 -51.95  -1.3448
 -63.88  -1.1265
1978/12/01 00:00:00 8 2
  -3.05  -1.7251
  -9.45  -1.7251
 -16.36  -1.7251
 -23.90  -1.7249
 -32.21  -1.7028
 -41.48  -1.6173
 -51.95  -1.4647
 -63.88  -1.1987
1979/01/01 00:00:00 8 2
  -3.05  -1.7391
  -9.45  -1.7391
 -16.36  -1.7391
 -23.90  -1.7391
 -32.21  -1.7338
 -41.48  -1.6875
 -51.95  -1.5213
 -63.88  -1.2725
1979/02/01 00:00:00 8 2
  -3.05  -1.7583
  -9.45  -1.7583
 -16.36  -1.7583
 -23.90  -1.7583
 -32.21  -1.7582
 -41.48  -1.7460
 -51.95  -1.6657
 -63.88  -1.3620
1979/03/01 00:00:00 8 2
  -3.05  -1.7707
  -9.45  -1.7707
 -16.36  -1.7707
 -23.90  -1.7707
 -32.21  -1.7707
 -41.48  -1.7677
 -51.95  -1.7402
 -63.88  -1.4378
1979/04/01 00:00:00 8 2
  -3.05  -1.7816
  -9.45  -1.7816
 -16.36  -1.7811
 -23.90  -1.7777
 -32.21  -1.7749
 -41.48  -1.7703
 -51.95  -1.7630
 -63.88  -1.4911
1979/05/01 00:00:00 8 2
  -3.05  -1.7935
  -9.45  -1.7865
 -16.36  -1.7719
 -23.90  -1.7627
 -32.21  -1.7535
 -41.48  -1.7505
 -51.95  -1.7411
 -63.88  -1.4230
1979/06/01 00:00:00 8 2
  -3.05  -1.7586
  -9.45  -1.7522
 -16.36  -1.7391
 -23.90  -1.7143
 -32.21  -1.6840
 -41.48  -1.6863
 -51.95  -1.6795
 -63.88  -1.3011
1979/07/01 00:00:00 8 2
  -3.05  -1.6953
  -9.45  -1.6832
 -16.36  -1.6707
 -23.90  -1.6434
 -32.21  -1.5946
 -41.48  -1.6063
 -51.95  -1.5801
 -63.88  -1.1243
1979/08/01 00:00:00 8 2
  -3.05  -1.6438
  -9.45  -1.6355
 -16.36  -1.6198
 -23.90  -1.5724
 -32.21  -1.4919
 -41.48  -1.4578
 -51.95  -1.3591
 -63.88  -1.0503
1979/09/01 00:00:00 8 2
  -3.05  -1.6506
  -9.45  -1.6373
 -16.36  -1.6148
 -23.90  -1.5611
 -32.21  -1.4664
 -41.48  -1.3855
 -51.95  -1.2484
 -63.88  -1.0340
1979/10/01 00:00:00 8 2
  -3.05  -1.6778
  -9.45  -1.6769
 -16.36  -1.6616
 -23.90  -1.6001
 -32.21  -1.4994
 -41.48  -1.3964
 -51.95  -1.2438
 -63.88  -1.0504
1979/11/01 00:00:00 8 2
  -3.05  -1.7082
  -9.45  -1.7082
 -16.36  -1.7079
 -23.90  -1.6753
 -32.21  -1.5938
 -41.48  -1.5014
 -51.95  -1.3448
 -63.88  -1.1265
1979/12/01 00:00:00 8 2
  -3.05  -1.7251
  -9.45  -1.7251
 -16.36  -1.7251
 -23.90  -1.7249
 -32.21  -1.7028
 -41.48  -1.6173
 -51.95  -1.4647
 -63.88  -1.1987
1980/01/01 00:00:00 8 2
  -3.05  -1.7391
  -9.45  -1.7391
 -16.36  -1.7391
 -23.90  -1.7391
 -32.21  -1.7338
 -41.48  -1.6875
 -51.95  -1.5213
 -63.88  -1.2725
1980/02/01 00:00:00 8 2
  -3.05  -1.7583
  -9.45  -1.7583
 -16.36  -1.7583
 -23.90  -1.7583
 -32.21  -1.7582
 -41.48  -1.7460
 -51.95  -1.6657
 -63.88  -1.3620
1980/03/01 00:00:00 8 2
  -3.05  -1.7707
  -9.45  -1.7707
 -16.36  -1.7707
 -23.90  -1.7707
 -32.21  -1.7707
 -41.48  -1.7677
 -51.95  -1.7402
 -63.88  -1.4378
1980/04/01 00:00:00 8 2
  -3.05  -1.7816
  -9.45  -1.7816
 -16.36  -1.7811
 -23.90  -1.7777
 -32.21  -1.7749
 -41.48  -1.7703
 -51.95  -1.7630
 -63.88  -1.4911
1980/05/01 00:00:00 8 2
  -3.05  -1.7935
  -9.45  -1.7865
 -16.36  -1.7719
 -23.90  -1.7627
 -32.21  -1.7535
 -41.48  -1.7505
 -51.95  -1.7411
 -63.88  -1.4230
1980/06/01 00:00:00 8 2
  -3.05  -1.7586
  -9.45  -1.7522
 -16.36  -1.7391
 -23.90  -1.7143
 -32.21  -1.6840
 -41.48  -1.6863
 -51.95  -1.6795
 -63.88  -1.3011
1980/07/01 00:00:00 8 2
  -3.05  -1.6953
  -9.45  -1.6832
 -16.36  -1.6707
 -23.90  -1.6434
 -32.21  -1.5946
 -41.48  -1.6063
 -51.95  -1.5801
 -63.88  -1.1243
1980/08/01 00:00:00 8 2
  -3.05  -1.6438
  -9.45  -1.6355
 -16.36  -1.6198
 -23.90  -1.5724
 -32.21  -1.4919
 -41.48  -1.4578
 -51.95  -1.3591
 -63.88  -1.0503
1980/09/01 00:00:00 8 2
  -3.05  -1.6506
  -9.45  -1.6373
 -16.36  -1.6148
 -23.90  -1.5611
 -32.21  -1.4664
 -41.48  -1.3855
 -51.95  -1.2484
 -63.88  -1.0340
1980/10/01 00:00:00 8 2
  -3.05  -1.6778
  -9.45  -1.6769
 -16.36  -1.6616
 -23.90  -1.6001
 -32.21  -1.4994
 -41.48  -1.3964
 -51.95  -1.2438
 -63.88  -1.0504
1980/11/01 00:00:00 8 2
  -3.05  -1.7082
  -9.45  -1.7082
 -16.36  -1.7079
 -23.90  -1.6753
 -32.21  -1.5938
 -41.48  -1.5014
 -51.95  -1.3448
 -63.88  -1.1265
1980/12/01 00:00:00 8 2
  -3.05  -1.7251
  -9.45  -1.7251
 -16.36  -1.7251
 -23.90  -1.7249
 -32.21  -1.7028
 -41.48  -1.6173
 -51.95  -1.4647
 -63.88  -1.1987
1981/01/01 00:00:00 8 2
  -3.05  -1.7391
  -9.45  -1.7391
 -16.36  -1.7391
 -23.90  -1.7391
 -32.21  -1.7338
 -41.48  -1.6875
 -51.95  -1.5213
 -63.88  -1.2725
1981/02/01 00:00:00 8 2
  -3.05  -1.7583
  -9.45  -1.7583
 -16.36  -1.7583
 -23.90  -1.7583
 -32.21  -1.7582
 -41.48  -1.7460
 -51.95  -1.6657
 -63.88  -1.3620
1981/03/01 00:00:00 8 2
  -3.05  -1.7707
  -9.45  -1.7707
 -16.36  -1.7707
 -23.90  -1.7707
 -32.21  -1.7707
 -41.48  -1.7677
 -51.95  -1.7402
 -63.88  -1.4378
1981/04/01 00:00:00 8 2
  -3.05  -1.7816
  -9.45  -1.7816
 -16.36  -1.7811
 -23.90  -1.7777
 -32.21  -1.7749
 -41.48  -1.7703
 -51.95  -1.7630
 -63.88  -1.4911
1981/05/01 00:00:00 8 2
  -3.05  -1.7935
  -9.45  -1.7865
 -16.36  -1.7719
 -23.90  -1.7627
 -32.21  -1.7535
 -41.48  -1.7505
 -51.95  -1.7411
 -63.88  -1.4230
1981/06/01 00:00:00 8 2
  -3.05  -1.7586
  -9.45  -1.7522
 -16.36  -1.7391
 -23.90  -1.7143
 -32.21  -1.6840
 -41.48  -1.6863
 -51.95  -1.6795
 -63.88  -1.3011
1981/07/01 00:00:00 8 2
  -3.05  -1.6953
  -9.45  -1.6832
 -16.36  -1.6707
 -23.90  -1.6434
 -32.21  -1.5946
 -41.48  -1.6063
 -51.95  -1.5801
 -63.88  -1.1243
1981/08/01 00:00:00 8 2
  -3.05  -1.6438
  -9.45  -1.6355
 -16.36  -1.6198
 -23.90  -1.5724
 -32.21  -1.4919
 -41.48  -1.4578
 -51.95  -1.3591
 -63.88  -1.0503
1981/09/01 00:00:00 8 2
  -3.05  -1.6506
  -9.45  -1.6373
 -16.36  -1.6148
 -23.90  -1.5611
 -32.21  -1.4664
 -41.48  -1.3855
 -51.95  -1.2484
 -63.88  -1.0340
1981/10/01 00:00:00 8 2
  -3.05  -1.6778
  -9.45  -1.6769
 -16.36  -1.6616
 -23.90  -1.6001
 -32.21  -1.4994
 -41.48  -1.3964
 -51.95  -1.2438
 -63.88  -1.0504
1981/11/01 00:00:00 8 2
  -3.05  -1.7082
  -9.45  -1.7082
 -16.36  -1.7079
 -23.90  -1.6753
 -32.21  -1.5938
 -41.48  -1.5014
 -51.95  -1.3448
 -63.88  -1.1265
1981/12/01 00:00:00 8 2
  -3.05  -1.7251
  -9.45  -1.7251
 -16.36  -1.7251
 -23.90  -1.7249
 -32.21  -1.7028
 -41.48  -1.6173
 -51.95  -1.4647
 -63.88  -1.1987
1982/01/01 00:00:00 8 2
  -3.05  -1.7391
  -9.45  -1.7391
 -16.36  -1.7391
 -23.90  -1.7391
 -32.21  -1.7338
 -41.48  -1.6875
 -51.95  -1.5213
 -63.88  -1.2725
1982/02/01 00:00:00 8 2
  -3.05  -1.7583
  -9.45  -1.7583
 -16.36  -1.7583
 -23.90  -1.7583
 -32.21  -1.7582
 -41.48  -1.7460
 -51.95  -1.6657
 -63.88  -1.3620
1982/03/01 00:00:00 8 2
  -3.05  -1.7707
  -9.45  -1.7707
 -16.36  -1.7707
 -23.90  -1.7707
 -32.21  -1.7707
 -41.48  -1.7677
 -51.95  -1.7402
 -63.88  -1.4378
1982/04/01 00:00:00 8 2
  -3.05  -1.7816
  -9.45  -1.7816
 -16.36  -1.7811
 -23.90  -1.7777
 -32.21  -1.7749
 -41.48  -1.7703
 -51.95  -1.7630
 -63.88  -1.4911
1982/05/01 00:00:00 8 2
  -3.05  -1.7935
  -9.45  -1.7865
 -16.36  -1.7719
 -23.90  -1.7627
 -32.21  -1.7535
 -41.48  -1.7505
 -51.95  -1.7411
 -63.88  -1.4230
1982/06/01 00:00:00 8 2
  -3.05  -1.7586
  -9.45  -1.7522
 -16.36  -1.7391
 -23.90  -1.7143
 -32.21  -1.6840
 -41.48  -1.6863
 -51.95  -1.6795
 -63.88  -1.3011
1982/07/01 00:00:00 8 2
  -3.05  -1.6953
  -9.45  -1.6832
 -16.36  -1.6707
 -23.90  -1.6434
 -32.21  -1.5946
 -41.48  -1.6063
 -51.95  -1.5801
 -63.88  -1.1243
1982/08/01 00:00:00 8 2
  -3.05  -1.6438
  -9.45  -1.6355
 -16.36  -1.6198
 -23.90  -1.5724
 -32.21  -1.4919
 -41.48  -1.4578
 -51.95  -1.3591
 -63.88  -1.0503
1982/09/01 00:00:00 8 2
  -3.05  -1.6506
  -9.45  -1.6373
 -16.36  -1.6148
 -23.90  -1.5611
 -32.21  -1.4664
 -41.48  -1.3855
 -51.95  -1.2484
 -63.88  -1.0340
1982/10/01 00:00:00 8 2
  -3.05  -1.6778
  -9.45  -1.6769
 -16.36  -1.6616
 -23.90  -1.6001
 -32.21  -1.4994
 -41.48  -1.3964
 -51.95  -1.2438
 -63.88  -1.0504
1982/11/01 00:00:00 8 2
  -3.05  -1.7082
  -9.45  -1.7082
 -16.36  -1.7079
 -23.90  -1.6753
 -32.21  -1.5938
 -41.48  -1.5014
 -51.95  -1.3448
 -63.88  -1.1265
1982/12/01 00:00:00 8 2
  -3.05  -1.7251
  -9.45  -1.7251
 -16.36  -1.7251
 -23.90  -1.7249
 -32.21  -1.7028
 -41.48  -1.6173
 -51.95  -1.4647
 -63.88  -1.1987
1983/01/01 00:00:00 8 2
  -3.05  -1.7391
  -9.45  -1.7391
 -16.36  -1.7391
 -23.90  -1.7391
 -32.21  -1.7338
 -41.48  -1.6875
 -51.95  -1.5213
 -63.88  -1.2725
1983/02/01 00:00:00 8 2
  -3.05  -1.7583
  -9.45  -1.7583
 -16.36  -1.7583
 -23.90  -1.7583
 -32.21  -1.7582
 -41.48  -1.7460
 -51.95  -1.6657
 -63.88  -1.3620
1983/03/01 00:00:00 8 2
  -3.05  -1.7707
  -9.45  -1.7707
 -16.36  -1.7707
 -23.90  -1.7707
 -32.21  -1.7707
 -41.48  -1.7677
 -51.95  -1.7402
 -63.88  -1.4378
1983/04/01 00:00:00 8 2
  -3.05  -1.7816
  -9.45  -1.7816
 -16.36  -1.7811
 -23.90  -1.7777
 -32.21  -1.7749
 -41.48  -1.7703
 -51.95  -1.7630
 -63.88  -1.4911
1983/05/01 00:00:00 8 2
  -3.05  -1.7935
  -9.45  -1.7865
 -16.36  -1.7719
 -23.90  -1.7627
 -32.21  -1.7535
 -41.48  -1.7505
 -51.95  -1.7411
 -63.88  -1.4230
1983/06/01 00:00:00 8 2
  -3.05  -1.7586
  -9.45  -1.7522
 -16.36  -1.7391
 -23.90  -1.7143
 -32.21  -1.6840
 -41.48  -1.6863
 -51.95  -1.6795
 -63.88  -1.3011
1983/07/01 00:00:00 8 2
  -3.05  -1.6953
  -9.45  -1.6832
 -16.36  -1.6707
 -23.90  -1.6434
 -32.21  -1.5946
 -41.48  -1.6063
 -51.95  -1.5801
 -63.88  -1.1243
1983/08/01 00:00:00 8 2
  -3.05  -1.6438
  -9.45  -1.6355
 -16.36  -1.6198
 -23.90  -1.5724
 -32.21  -1.4919
 -41.48  -1.4578
 -51.95  -1.3591
 -63.88  -1.0503
1983/09/01 00:00:00 8 2
  -3.05  -1.6506
  -9.45  -1.6373
 -16.36  -1.6148
 -23.90  -1.5611
 -32.21  -1.4664
 -41.48  -1.3855
 -51.95  -1.2484
 -63.88  -1.0340
1983/10/01 00:00:00 8 2
  -3.05  -1.6778
  -9.45  -1.6769
 -16.36  -1.6616
 -23.90  -1.6001
 -32.21  -1.4994
 -41.48  -1.3964
 -51.95  -1.2438
 -63.88  -1.0504
1983/11/01 00:00:00 8 2
  -3.05  -1.7082
  -9.45  -1.7082
 -16.36  -1.7079
 -23.90  -1.6753
 -32.21  -1.5938
 -41.48  -1.5014
 -51.95  -1.3448
 -63.88  -1.1265
1983/12/01 00:00:00 8 2
  -3.05  -1.7251
  -9.45  -1.7251
 -16.36  -1.7251
 -23.90  -1.7249
 -32.21  -1.7028
 -41.48  -1.6173
 -51.95  -1.4647
 -63.88  -1.1987
1984/01/01 00:00:00 8 2
  -3.05  -1.7391
  -9.45  -1.7391
 -16.36  -1.7391
 -23.90  -1.7391
 -32.21  -1.7338
 -41.48  -1.6875
 -51.95  -1.5213
 -63.88  -1.2725
1984/02/01 00:00:00 8 2
  -3.05  -1.7583
  -9.45  -1.7583
 -16.36  -1.7583
 -23.90  -1.7583
 -32.21  -1.7582
 -41.48  -1.7460
 -51.95  -1.6657
 -63.88  -1.3620
1984/03/01 00:00:00 8 2
  -3.05  -1.7707
  -9.45  -1.7707
 -16.36  -1.7707
 -23.90  -1.7707
 -32.21  -1.7707
 -41.48  -1.7677
 -51.95  -1.7402
 -63.88  -1.4378
1984/04/01 00:00:00 8 2
  -3.05  -1.7816
  -9.45  -1.7816
 -16.36  -1.7811
 -23.90  -1.7777
 -32.21  -1.7749
 -41.48  -1.7703
 -51.95  -1.7630
 -63.88  -1.4911
1984/05/01 00:00:00 8 2
  -3.05  -1.7935
  -9.45  -1.7865
 -16.36  -1.7719
 -23.90  -1.7627
 -32.21  -1.7535
 -41.48  -1.7505
 -51.95  -1.7411
 -63.88  -1.4230
1984/06/01 00:00:00 8 2
  -3.05  -1.7586
  -9.45  -1.7522
 -16.36  -1.7391
 -23.90  -1.7143
 -32.21  -1.6840
 -41.48  -1.6863
 -51.95  -1.6795
 -63.88  -1.3011
1984/07/01 00:00:00 8 2
  -3.05  -1.6953
  -9.45  -1.6832
 -16.36  -1.6707
 -23.90  -1.6434
 -32.21  -1.5946
 -41.48  -1.6063
 -51.95  -1.5801
 -63.88  -1.1243
1984/08/01 00:00:00 8 2
  -3.05  -1.6438
  -9.45  -1.6355
 -16.36  -1.6198
 -23.90  -1.5724
 -32.21  -1.4919
 -41.48  -1.4578
 -51.95  -1.3591
 -63.88  -1.0503
1984/09/01 00:00:00 8 2
  -3.05  -1.6506
  -9.45  -1.6373
 -16.36  -1.6148
 -23.90  -1.5611
 -32.21  -1.4664
 -41.48  -1.3855
 -51.95  -1.2484
 -63.88  -1.0340
1984/10/01 00:00:00 8 2
  -3.05  -1.6778
  -9.45  -1.6769
 -16.36  -1.6616
 -23.90  -1.6001
 -32.21  -1.4994
 -41.48  -1.3964
 -51.95  -1.2438
 -63.88  -1.0504
1984/11/01 00:00:00 8 2
  -3.05  -1.7082
  -9.45  -1.7082
 -16.36  -1.7079
 -23.90  -1.6753
 -32.21  -1.5938
 -41.48  -1.5014
 -51.95  -1.3448
 -63.88  -1.1265
1984/12/01 00:00:00 8 2
  -3.05  -1.7251
  -9.45  -1.7251
 -16.36  -1.7251
 -23.90  -1.7249
 -32.21  -1.7028
 -41.48  -1.6173
 -51.95  -1.4647
 -63.88  -1.1987
1985/01/01 00:00:00 8 2
  -3.05  -1.7391
  -9.45  -1.7391
 -16.36  -1.7391
 -23.90  -1.7391
 -32.21  -1.7338
 -41.48  -1.6875
 -51.95  -1.5213
 -63.88  -1.2725
1985/02/01 00:00:00 8 2
  -3.05  -1.7583
  -9.45  -1.7583
 -16.36  -1.7583
 -23.90  -1.7583
 -32.21  -1.7582
 -41.48  -1.7460
 -51.95  -1.6657
 -63.88  -1.3620
1985/03/01 00:00:00 8 2
  -3.05  -1.7707
  -9.45  -1.7707
 -16.36  -1.7707
 -23.90  -1.7707
 -32.21  -1.7707
 -41.48  -1.7677
 -51.95  -1.7402
 -63.88  -1.4378
1985/04/01 00:00:00 8 2
  -3.05  -1.7816
  -9.45  -1.7816
 -16.36  -1.7811
 -23.90  -1.7777
 -32.21  -1.7749
 -41.48  -1.7703
 -51.95  -1.7630
 -63.88  -1.4911
1985/05/01 00:00:00 8 2
  -3.05  -1.7935
  -9.45  -1.7865
 -16.36  -1.7719
 -23.90  -1.7627
 -32.21  -1.7535
 -41.48  -1.7505
 -51.95  -1.7411
 -63.88  -1.4230
1985/06/01 00:00:00 8 2
  -3.05  -1.7586
  -9.45  -1.7522
 -16.36  -1.7391
 -23.90  -1.7143
 -32.21  -1.6840
 -41.48  -1.6863
 -51.95  -1.6795
 -63.88  -1.3011
1985/07/01 00:00:00 8 2
  -3.05  -1.6953
  -9.45  -1.6832
 -16.36  -1.6707
 -23.90  -1.6434
 -32.21  -1.5946
 -41.48  -1.6063
 -51.95  -1.5801
 -63.88  -1.1243
1985/08/01 00:00:00 8 2
  -3.05  -1.6438
  -9.45  -1.6355
 -16.36  -1.6198
 -23.90  -1.5724
 -32.21  -1.4919
 -41.48  -1.4578
 -51.95  -1.3591
 -63.88  -1.0503
1985/09/01 00:00:00 8 2
  -3.05  -1.6506
  -9.45  -1.6373
 -16.36  -1.6148
 -23.90  -1.5611
 -32.21  -1.4664
 -41.48  -1.3855
 -51.95  -1.2484
 -63.88  -1.0340
1985/10/01 00:00:00 8 2
  -3.05  -1.6778
  -9.45  -1.6769
 -16.36  -1.6616
 -23.90  -1.6001
 -32.21  -1.4994
 -41.48  -1.3964
 -51.95  -1.2438
 -63.88  -1.0504
1985/11/01 00:00:00 8 2
  -3.05  -1.7082
  -9.45  -1.7082
 -16.36  -1.7079
 -23.90  -1.6753
 -32.21  -1.5938
 -41.48  -1.5014
 -51.95  -1.3448
 -63.88  -1.1265
1985/12/01 00:00:00 8 2
  -3.05  -1.7251
  -9.45  -1.7251
 -16.36  -1.7251
 -23.90  -1.7249
 -32.21  -1.7028
 -41.48  -1.6173
 -51.95  -1.4647
 -63.88  -1.1987
1986/01/01 00:00:00 8 2
  -3.05  -1.7391
  -9.45  -1.7391
 -16.36  -1.7391
 -23.90  -1.7391
 -32.21  -1.7338
 -41.48  -1.6875
 -51.95  -1.5213
 -63.88  -1.2725
1986/02/01 00:00:00 8 2
  -3.05  -1.7583
  -9.45  -1.7583
 -16.36  -1.7583
 -23.90  -1.7583
 -32.21  -1.7582
 -41.48  -1.7460
 -51.95  -1.6657
 -63.88  -1.3620
1986/03/01 00:00:00 8 2
  -3.05  -1.7707
  -9.45  -1.7707
 -16.36  -1.7707
 -23.90  -1.7707
 -32.21  -1.7707
 -41.48  -1.7677
 -51.95  -1.7402
 -63.88  -1.4378
1986/04/01 00:00:00 8 2
  -3.05  -1.7816
  -9.45  -1.7816
 -16.36  -1.7811
 -23.90  -1.7777
 -32.21  -1.7749
 -41.48  -1.7703
 -51.95  -1.7630
 -63.88  -1.4911
1986/05/01 00:00:00 8 2
  -3.05  -1.7935
  -9.45  -1.7865
 -16.36  -1.7719
 -23.90  -1.7627
 -32.21  -1.7535
 -41.48  -1.7505
 -51.95  -1.7411
 -63.88  -1.4230
1986/06/01 00:00:00 8 2
  -3.05  -1.7586
  -9.45  -1.7522
 -16.36  -1.7391
 -23.90  -1.7143
 -32.21  -1.6840
 -41.48  -1.6863
 -51.95  -1.6795
 -63.88  -1.3011
1986/07/01 00:00:00 8 2
  -3.05  -1.6953
  -9.45  -1.6832
 -16.36  -1.6707
 -23.90  -1.6434
 -32.21  -1.5946
 -41.48  -1.6063
 -51.95  -1.5801
 -63.88  -1.1243
1986/08/01 00:00:00 8 2
  -3.05  -1.6438
  -9.45  -1.6355
 -16.36  -1.6198
 -23.90  -1.5724
 -32.21  -1.4919
 -41.48  -1.4578
 -51.95  -1.3591
 -63.88  -1.0503
1986/09/01 00:00:00 8 2
  -3.05  -1.6506
  -9.45  -1.6373
 -16.36  -1.6148
 -23.90  -1.5611
 -32.21  -1.4664
 -41.48  -1.3855
 -51.95  -1.2484
 -63.88  -1.0340
1986/10/01 00:00:00 8 2
  -3.05  -1.6778
  -9.45  -1.6769
 -16.36  -1.6616
 -23.90  -1.6001
 -32.21  -1.4994
 -41.48  -1.3964
 -51.95  -1.2438
 -63.88  -1.0504
1986/11/01 00:00:00 8 2
  -3.05  -1.7082
  -9.45  -1.7082
 -16.36  -1.7079
 -23.90  -1.6753
 -32.21  -1.5938
 -41.48  -1.5014
 -51.95  -1.3448
 -63.88  -1.1265
1986/12/01 00:00:00 8 2
  -3.05  -1.7251
  -9.45  -1.7251
 -16.36  -1.7251
 -23.90  -1.7249
 -32.21  -1.7028
 -41.48  -1.6173
 -51.95  -1.4647
 -63.88  -1.1987
1987/01/01 00:00:00 8 2
  -3.05  -1.7391
  -9.45  -1.7391
 -16.36  -1.7391
 -23.90  -1.7391
 -32.21  -1.7338
 -41.48  -1.6875
 -51.95  -1.5213
 -63.88  -1.2725
1987/02/01 00:00:00 8 2
  -3.05  -1.7583
  -9.45  -1.7583
 -16.36  -1.7583
 -23.90  -1.7583
 -32.21  -1.7582
 -41.48  -1.7460
 -51.95  -1.6657
 -63.88  -1.3620
1987/03/01 00:00:00 8 2
  -3.05  -1.7707
  -9.45  -1.7707
 -16.36  -1.7707
 -23.90  -1.7707
 -32.21  -1.7707
 -41.48  -1.7677
 -51.95  -1.7402
 -63.88  -1.4378
1987/04/01 00:00:00 8 2
  -3.05  -1.7816
  -9.45  -1.7816
 -16.36  -1.7811
 -23.90  -1.7777
 -32.21  -1.7749
 -41.48  -1.7703
 -51.95  -1.7630
 -63.88  -1.4911
1987/05/01 00:00:00 8 2
  -3.05  -1.7935
  -9.45  -1.7865
 -16.36  -1.7719
 -23.90  -1.7627
 -32.21  -1.7535
 -41.48  -1.7505
 -51.95  -1.7411
 -63.88  -1.4230
1987/06/01 00:00:00 8 2
  -3.05  -1.7586
  -9.45  -1.7522
 -16.36  -1.7391
 -23.90  -1.7143
 -32.21  -1.6840
 -41.48  -1.6863
 -51.95  -1.6795
 -63.88  -1.3011
1987/07/01 00:00:00 8 2
  -3.05  -1.6953
  -9.45  -1.6832
 -16.36  -1.6707
 -23.90  -1.6434
 -32.21  -1.5946
 -41.48  -1.6063
 -51.95  -1.5801
 -63.88  -1.1243
1987/08/01 00:00:00 8 2
  -3.05  -1.6438
  -9.45  -1.6355
 -16.36  -1.6198
 -23.90  -1.5724
 -32.21  -1.4919
 -41.48  -1.4578
 -51.95  -1.3591
 -63.88  -1.0503
1987/09/01 00:00:00 8 2
  -3.05  -1.6506
  -9.45  -1.6373
 -16.36  -1.6148
 -23.90  -1.5611
 -32.21  -1.4664
 -41.48  -1.3855
 -51.95  -1.2484
 -63.88  -1.0340
1987/10/01 00:00:00 8 2
  -3.05  -1.6778
  -9.45  -1.6769
 -16.36  -1.6616
 -23.90  -1.6001
 -32.21  -1.4994
 -41.48  -1.3964
 -51.95  -1.2438
 -63.88  -1.0504
1987/11/01 00:00:00 8 2
  -3.05  -1.7082
  -9.45  -1.7082
 -16.36  -1.7079
 -23.90  -1.6753
 -32.21  -1.5938
 -41.48  -1.5014
 -51.95  -1.3448
 -63.88  -1.1265
1987/12/01 00:00:00 8 2
  -3.05  -1.7251
  -9.45  -1.7251
 -16.36  -1.7251
 -23.90  -1.7249
 -32.21  -1.7028
 -41.48  -1.6173
 -51.95  -1.4647
 -63.88  -1.1987
1988/01/01 00:00:00 8 2
  -3.05  -1.7391
  -9.45  -1.7391
 -16.36  -1.7391
 -23.90  -1.7391
 -32.21  -1.7338
 -41.48  -1.6875
 -51.95  -1.5213
 -63.88  -1.2725
1988/02/01 00:00:00 8 2
  -3.05  -1.7583
  -9.45  -1.7583
 -16.36  -1.7583
 -23.90  -1.7583
 -32.21  -1.7582
 -41.48  -1.7460
 -51.95  -1.6657
 -63.88  -1.3620
1988/03/01 00:00:00 8 2
  -3.05  -1.7707
  -9.45  -1.7707
 -16.36  -1.7707
 -23.90  -1.7707
 -32.21  -1.7707
 -41.48  -1.7677
 -51.95  -1.7402
 -63.88  -1.4378
1988/04/01 00:00:00 8 2
  -3.05  -1.7816
  -9.45  -1.7816
 -16.36  -1.7811
 -23.90  -1.7777
 -32.21  -1.7749
 -41.48  -1.7703
 -51.95  -1.7630
 -63.88  -1.4911
1988/05/01 00:00:00 8 2
  -3.05  -1.7935
  -9.45  -1.7865
 -16.36  -1.7719
 -23.90  -1.7627
 -32.21  -1.7535
 -41.48  -1.7505
 -51.95  -1.7411
 -63.88  -1.4230
1988/06/01 00:00:00 8 2
  -3.05  -1.7586
  -9.45  -1.7522
 -16.36  -1.7391
 -23.90  -1.7143
 -32.21  -1.6840
 -41.48  -1.6863
 -51.95  -1.6795
 -63.88  -1.3011
1988/07/01 00:00:00 8 2
  -3.05  -1.6953
  -9.45  -1.6832
 -16.36  -1.6707
 -23.90  -1.6434
 -32.21  -1.5946
 -41.48  -1.6063
 -51.95  -1.5801
 -63.88  -1.1243
1988/08/01 00:00:00 8 2
  -3.05  -1.6438
  -9.45  -1.6355
 -16.36  -1.6198
 -23.90  -1.5724
 -32.21  -1.4919
 -41.48  -1.4578
 -51.95  -1.3591
 -63.88  -1.0503
1988/09/01 00:00:00 8 2
  -3.05  -1.6506
  -9.45  -1.6373
 -16.36  -1.6148
 -23.90  -1.5611
 -32.21  -1.4664
 -41.48  -1.3855
 -51.95  -1.2484
 -63.88  -1.0340
1988/10/01 00:00:00 8 2
  -3.05  -1.6778
  -9.45  -1.6769
 -16.36  -1.6616
 -23.90  -1.6001
 -32.21  -1.4994
 -41.48  -1.3964
 -51.95  -1.2438
 -63.88  -1.0504
1988/11/01 00:00:00 8 2
  -3.05  -1.7082
  -9.45  -1.7082
 -16.36  -1.7079
 -23.90  -1.6753
 -32.21  -1.5938
 -41.48  -1.5014
 -51.95  -1.3448
 -63.88  -1.1265
1988/12/01 00:00:00 8 2
  -3.05  -1.7251
  -9.45  -1.7251
 -16.36  -1.7251
 -23.90  -1.7249
 -32.21  -1.7028
 -41.48  -1.6173
 -51.95  -1.4647
 -63.88  -1.1987
1989/01/01 00:00:00 8 2
  -3.05  -1.7391
  -9.45  -1.7391
 -16.36  -1.7391
 -23.90  -1.7391
 -32.21  -1.7338
 -41.48  -1.6875
 -51.95  -1.5213
 -63.88  -1.2725
1989/02/01 00:00:00 8 2
  -3.05  -1.7583
  -9.45  -1.7583
 -16.36  -1.7583
 -23.90  -1.7583
 -32.21  -1.7582
 -41.48  -1.7460
 -51.95  -1.6657
 -63.88  -1.3620
1989/03/01 00:00:00 8 2
  -3.05  -1.7707
  -9.45  -1.7707
 -16.36  -1.7707
 -23.90  -1.7707
 -32.21  -1.7707
 -41.48  -1.7677
 -51.95  -1.7402
 -63.88  -1.4378
1989/04/01 00:00:00 8 2
  -3.05  -1.7816
  -9.45  -1.7816
 -16.36  -1.7811
 -23.90  -1.7777
 -32.21  -1.7749
 -41.48  -1.7703
 -51.95  -1.7630
 -63.88  -1.4911
1989/05/01 00:00:00 8 2
  -3.05  -1.7935
  -9.45  -1.7865
 -16.36  -1.7719
 -23.90  -1.7627
 -32.21  -1.7535
 -41.48  -1.7505
 -51.95  -1.7411
 -63.88  -1.4230
1989/06/01 00:00:00 8 2
  -3.05  -1.7586
  -9.45  -1.7522
 -16.36  -1.7391
 -23.90  -1.7143
 -32.21  -1.6840
 -41.48  -1.6863
 -51.95  -1.6795
 -63.88  -1.3011
1989/07/01 00:00:00 8 2
  -3.05  -1.6953
  -9.45  -1.6832
 -16.36  -1.6707
 -23.90  -1.6434
 -32.21  -1.5946
 -41.48  -1.6063
 -51.95  -1.5801
 -63.88  -1.1243
1989/08/01 00:00:00 8 2
  -3.05  -1.6438
  -9.45  -1.6355
 -16.36  -1.6198
 -23.90  -1.5724
 -32.21  -1.4919
 -41.48  -1.4578
 -51.95  -1.3591
 -63.88  -1.0503
1989/09/01 00:00:00 8 2
  -3.05  -1.6506
  -9.45  -1.6373
 -16.36  -1.6148
 -23.90  -1.5611
 -32.21  -1.4664
 -41.48  -1.3855
 -51.95  -1.2484
 -63.88  -1.0340
1989/10/01 00:00:00 8 2
  -3.05  -1.6778
  -9.45  -1.6769
 -16.36  -1.6616
 -23.90  -1.6001
 -32.21  -1.4994
 -41.48  -1.3964
 -51.95  -1.2438
 -63.88  -1.0504
1989/11/01 00:00:00 8 2
  -3.05  -1.7082
  -9.45  -1.7082
 -16.36  -1.7079
 -23.90  -1.6753
 -32.21  -1.5938
 -41.48  -1.5014
 -51.95  -1.3448
 -63.88  -1.1265
1989/12/01 00:00:00 8 2
  -3.05  -1.7251
  -9.45  -1.7251
 -16.36  -1.7251
 -23.90  -1.7249
 -32.21  -1.7028
 -41.48  -1.6173
 -51.95  -1.4647
 -63.88  -1.1987
1990/01/01 00:00:00 8 2
  -3.05  -1.7391
  -9.45  -1.7391
 -16.36  -1.7391
 -23.90  -1.7391
 -32.21  -1.7338
 -41.48  -1.6875
 -51.95  -1.5213
 -63.88  -1.2725
1990/02/01 00:00:00 8 2
  -3.05  -1.7583
  -9.45  -1.7583
 -16.36  -1.7583
 -23.90  -1.7583
 -32.21  -1.7582
 -41.48  -1.7460
 -51.95  -1.6657
 -63.88  -1.3620
1990/03/01 00:00:00 8 2
  -3.05  -1.7707
  -9.45  -1.7707
 -16.36  -1.7707
 -23.90  -1.7707
 -32.21  -1.7707
 -41.48  -1.7677
 -51.95  -1.7402
 -63.88  -1.4378
1990/04/01 00:00:00 8 2
  -3.05  -1.7816
  -9.45  -1.7816
 -16.36  -1.7811
 -23.90  -1.7777
 -32.21  -1.7749
 -41.48  -1.7703
 -51.95  -1.7630
 -63.88  -1.4911
1990/05/01 00:00:00 8 2
  -3.05  -1.7935
  -9.45  -1.7865
 -16.36  -1.7719
 -23.90  -1.7627
 -32.21  -1.7535
 -41.48  -1.7505
 -51.95  -1.7411
 -63.88  -1.4230
1990/06/01 00:00:00 8 2
  -3.05  -1.7586
  -9.45  -1.7522
 -16.36  -1.7391
 -23.90  -1.7143
 -32.21  -1.6840
 -41.48  -1.6863
 -51.95  -1.6795
 -63.88  -1.3011
1990/07/01 00:00:00 8 2
  -3.05  -1.6953
  -9.45  -1.6832
 -16.36  -1.6707
 -23.90  -1.6434
 -32.21  -1.5946
 -41.48  -1.6063
 -51.95  -1.5801
 -63.88  -1.1243
1990/08/01 00:00:00 8 2
  -3.05  -1.6438
  -9.45  -1.6355
 -16.36  -1.6198
 -23.90  -1.5724
 -32.21  -1.4919
 -41.48  -1.4578
 -51.95  -1.3591
 -63.88  -1.0503
1990/09/01 00:00:00 8 2
  -3.05  -1.6506
  -9.45  -1.6373
 -16.36  -1.6148
 -23.90  -1.5611
 -32.21  -1.4664
 -41.48  -1.3855
 -51.95  -1.2484
 -63.88  -1.0340
1990/10/01 00:00:00 8 2
  -3.05  -1.6778
  -9.45  -1.6769
 -16.36  -1.6616
 -23.90  -1.6001
 -32.21  -1.4994
 -41.48  -1.3964
 -51.95  -1.2438
 -63.88  -1.0504
1990/11/01 00:00:00 8 2
  -3.05  -1.7082
  -9.45  -1.7082
 -16.36  -1.7079
 -23.90  -1.6753
 -32.21  -1.5938
 -41.48  -1.5014
 -51.95  -1.3448
 -63.88  -1.1265
1990/12/01 00:00:00 8 2
  -3.05  -1.7251
  -9.45  -1.7251
 -16.36  -1.7251
 -23.90  -1.7249
 -32.21  -1.7028
 -41.48  -1.6173
 -51.95  -1.4647
 -63.88  -1.1987
1991/01/01 00:00:00 8 2
  -3.05  -1.7391
  -9.45  -1.7391
 -16.36  -1.7391
 -23.90  -1.7391
 -32.21  -1.7338
 -41.48  -1.6875
 -51.95  -1.5213
 -63.88  -1.2725
1991/02/01 00:00:00 8 2
  -3.05  -1.7583
  -9.45  -1.7583
 -16.36  -1.7583
 -23.90  -1.7583
 -32.21  -1.7582
 -41.48  -1.7460
 -51.95  -1.6657
 -63.88  -1.3620
1991/03/01 00:00:00 8 2
  -3.05  -1.7707
  -9.45  -1.7707
 -16.36  -1.7707
 -23.90  -1.7707
 -32.21  -1.7707
 -41.48  -1.7677
 -51.95  -1.7402
 -63.88  -1.4378
1991/04/01 00:00:00 8 2
  -3.05  -1.7816
  -9.45  -1.7816
 -16.36  -1.7811
 -23.90  -1.7777
 -32.21  -1.7749
 -41.48  -1.7703
 -51.95  -1.7630
 -63.88  -1.4911
1991/05/01 00:00:00 8 2
  -3.05  -1.7935
  -9.45  -1.7865
 -16.36  -1.7719
 -23.90  -1.7627
 -32.21  -1.7535
 -41.48  -1.7505
 -51.95  -1.7411
 -63.88  -1.4230
1991/06/01 00:00:00 8 2
  -3.05  -1.7586
  -9.45  -1.7522
 -16.36  -1.7391
 -23.90  -1.7143
 -32.21  -1.6840
 -41.48  -1.6863
 -51.95  -1.6795
 -63.88  -1.3011
1991/07/01 00:00:00 8 2
  -3.05  -1.6953
  -9.45  -1.6832
 -16.36  -1.6707
 -23.90  -1.6434
 -32.21  -1.5946
 -41.48  -1.6063
 -51.95  -1.5801
 -63.88  -1.1243
1991/08/01 00:00:00 8 2
  -3.05  -1.6438
  -9.45  -1.6355
 -16.36  -1.6198
 -23.90  -1.5724
 -32.21  -1.4919
 -41.48  -1.4578
 -51.95  -1.3591
 -63.88  -1.0503
1991/09/01 00:00:00 8 2
  -3.05  -1.6506
  -9.45  -1.6373
 -16.36  -1.6148
 -23.90  -1.5611
 -32.21  -1.4664
 -41.48  -1.3855
 -51.95  -1.2484
 -63.88  -1.0340
1991/10/01 00:00:00 8 2
  -3.05  -1.6778
  -9.45  -1.6769
 -16.36  -1.6616
 -23.90  -1.6001
 -32.21  -1.4994
 -41.48  -1.3964
 -51.95  -1.2438
 -63.88  -1.0504
1991/11/01 00:00:00 8 2
  -3.05  -1.7082
  -9.45  -1.7082
 -16.36  -1.7079
 -23.90  -1.6753
 -32.21  -1.5938
 -41.48  -1.5014
 -51.95  -1.3448
 -63.88  -1.1265
1991/12/01 00:00:00 8 2
  -3.05  -1.7251
  -9.45  -1.7251
 -16.36  -1.7251
 -23.90  -1.7249
 -32.21  -1.7028
 -41.48  -1.6173
 -51.95  -1.4647
 -63.88  -1.1987
1992/01/01 00:00:00 8 2
  -3.05  -1.7391
  -9.45  -1.7391
 -16.36  -1.7391
 -23.90  -1.7391
 -32.21  -1.7338
 -41.48  -1.6875
 -51.95  -1.5213
 -63.88  -1.2725
1992/02/01 00:00:00 8 2
  -3.05  -1.7583
  -9.45  -1.7583
 -16.36  -1.7583
 -23.90  -1.7583
 -32.21  -1.7582
 -41.48  -1.7460
 -51.95  -1.6657
 -63.88  -1.3620
1992/03/01 00:00:00 8 2
  -3.05  -1.7707
  -9.45  -1.7707
 -16.36  -1.7707
 -23.90  -1.7707
 -32.21  -1.7707
 -41.48  -1.7677
 -51.95  -1.7402
 -63.88  -1.4378
1992/04/01 00:00:00 8 2
  -3.05  -1.7816
  -9.45  -1.7816
 -16.36  -1.7811
 -23.90  -1.7777
 -32.21  -1.7749
 -41.48  -1.7703
 -51.95  -1.7630
 -63.88  -1.4911
1992/05/01 00:00:00 8 2
  -3.05  -1.7935
  -9.45  -1.7865
 -16.36  -1.7719
 -23.90  -1.7627
 -32.21  -1.7535
 -41.48  -1.7505
 -51.95  -1.7411
 -63.88  -1.4230
1992/06/01 00:00:00 8 2
  -3.05  -1.7586
  -9.45  -1.7522
 -16.36  -1.7391
 -23.90  -1.7143
 -32.21  -1.6840
 -41.48  -1.6863
 -51.95  -1.6795
 -63.88  -1.3011
1992/07/01 00:00:00 8 2
  -3.05  -1.6953
  -9.45  -1.6832
 -16.36  -1.6707
 -23.90  -1.6434
 -32.21  -1.5946
 -41.48  -1.6063
 -51.95  -1.5801
 -63.88  -1.1243
1992/08/01 00:00:00 8 2
  -3.05  -1.6438
  -9.45  -1.6355
 -16.36  -1.6198
 -23.90  -1.5724
 -32.21  -1.4919
 -41.48  -1.4578
 -51.95  -1.3591
 -63.88  -1.0503
1992/09/01 00:00:00 8 2
  -3.05  -1.6506
  -9.45  -1.6373
 -16.36  -1.6148
 -23.90  -1.5611
 -32.21  -1.4664
 -41.48  -1.3855
 -51.95  -1.2484
 -63.88  -1.0340
1992/10/01 00:00:00 8 2
  -3.05  -1.6778
  -9.45  -1.6769
 -16.36  -1.6616
 -23.90  -1.6001
 -32.21  -1.4994
 -41.48  -1.3964
 -51.95  -1.2438
 -63.88  -1.0504
1992/11/01 00:00:00 8 2
  -3.05  -1.7082
  -9.45  -1.7082
 -16.36  -1.7079
 -23.90  -1.6753
 -32.21  -1.5938
 -41.48  -1.5014
 -51.95  -1.3448
 -63.88  -1.1265
1992/12/01 00:00:00 8 2
  -3.05  -1.7251
  -9.45  -1.7251
 -16.36  -1.7251
 -23.90  -1.7249
 -32.21  -1.7028
 -41.48  -1.6173
 -51.95  -1.4647
 -63.88  -1.1987
1993/01/01 00:00:00 8 2
  -3.05  -1.7391
  -9.45  -1.7391
 -16.36  -1.7391
 -23.90  -1.7391
 -32.21  -1.7338
 -41.48  -1.6875
 -51.95  -1.5213
 -63.88  -1.2725
1993/02/01 00:00:00 8 2
  -3.05  -1.7583
  -9.45  -1.7583
 -16.36  -1.7583
 -23.90  -1.7583
 -32.21  -1.7582
 -41.48  -1.7460
 -51.95  -1.6657
 -63.88  -1.3620
1993/03/01 00:00:00 8 2
  -3.05  -1.7707
  -9.45  -1.7707
 -16.36  -1.7707
 -23.90  -1.7707
 -32.21  -1.7707
 -41.48  -1.7677
 -51.95  -1.7402
 -63.88  -1.4378
1993/04/01 00:00:00 8 2
  -3.05  -1.7816
  -9.45  -1.7816
 -16.36  -1.7811
 -23.90  -1.7777
 -32.21  -1.7749
 -41.48  -1.7703
 -51.95  -1.7630
 -63.88  -1.4911
1993/05/01 00:00:00 8 2
  -3.05  -1.7935
  -9.45  -1.7865
 -16.36  -1.7719
 -23.90  -1.7627
 -32.21  -1.7535
 -41.48  -1.7505
 -51.95  -1.7411
 -63.88  -1.4230
1993/06/01 00:00:00 8 2
  -3.05  -1.7586
  -9.45  -1.7522
 -16.36  -1.7391
 -23.90  -1.7143
 -32.21  -1.6840
 -41.48  -1.6863
 -51.95  -1.6795
 -63.88  -1.3011
1993/07/01 00:00:00 8 2
  -3.05  -1.6953
  -9.45  -1.6832
 -16.36  -1.6707
 -23.90  -1.6434
 -32.21  -1.5946
 -41.48  -1.6063
 -51.95  -1.5801
 -63.88  -1.1243
1993/08/01 00:00:00 8 2
  -3.05  -1.6438
  -9.45  -1.6355
 -16.36  -1.6198
 -23.90  -1.5724
 -32.21  -1.4919
 -41.48  -1.4578
 -51.95  -1.3591
 -63.88  -1.0503
1993/09/01 00:00:00 8 2
  -3.05  -1.6506
  -9.45  -1.6373
 -16.36  -1.6148
 -23.90  -1.5611
 -32.21  -1.4664
 -41.48  -1.3855
 -51.95  -1.2484
 -63.88  -1.0340
1993/10/01 00:00:00 8 2
  -3.05  -1.6778
  -9.45  -1.6769
 -16.36  -1.6616
 -23.90  -1.6001
 -32.21  -1.4994
 -41.48  -1.3964
 -51.95  -1.2438
 -63.88  -1.0504
1993/11/01 00:00:00 8 2
  -3.05  -1.7082
  -9.45  -1.7082
 -16.36  -1.7079
 -23.90  -1.6753
 -32.21  -1.5938
 -41.48  -1.5014
 -51.95  -1.3448
 -63.88  -1.1265
1993/12/01 00:00:00 8 2
  -3.05  -1.7251
  -9.45  -1.7251
 -16.36  -1.7251
 -23.90  -1.7249
 -32.21  -1.7028
 -41.48  -1.6173
 -51.95  -1.4647
 -63.88  -1.1987
1994/01/01 00:00:00 8 2
  -3.05  -1.7391
  -9.45  -1.7391
 -16.36  -1.7391
 -23.90  -1.7391
 -32.21  -1.7338
 -41.48  -1.6875
 -51.95  -1.5213
 -63.88  -1.2725
1994/02/01 00:00:00 8 2
  -3.05  -1.7583
  -9.45  -1.7583
 -16.36  -1.7583
 -23.90  -1.7583
 -32.21  -1.7582
 -41.48  -1.7460
 -51.95  -1.6657
 -63.88  -1.3620
1994/03/01 00:00:00 8 2
  -3.05  -1.7707
  -9.45  -1.7707
 -16.36  -1.7707
 -23.90  -1.7707
 -32.21  -1.7707
 -41.48  -1.7677
 -51.95  -1.7402
 -63.88  -1.4378
1994/04/01 00:00:00 8 2
  -3.05  -1.7816
  -9.45  -1.7816
 -16.36  -1.7811
 -23.90  -1.7777
 -32.21  -1.7749
 -41.48  -1.7703
 -51.95  -1.7630
 -63.88  -1.4911
1994/05/01 00:00:00 8 2
  -3.05  -1.7935
  -9.45  -1.7865
 -16.36  -1.7719
 -23.90  -1.7627
 -32.21  -1.7535
 -41.48  -1.7505
 -51.95  -1.7411
 -63.88  -1.4230
1994/06/01 00:00:00 8 2
  -3.05  -1.7586
  -9.45  -1.7522
 -16.36  -1.7391
 -23.90  -1.7143
 -32.21  -1.6840
 -41.48  -1.6863
 -51.95  -1.6795
 -63.88  -1.3011
1994/07/01 00:00:00 8 2
  -3.05  -1.6953
  -9.45  -1.6832
 -16.36  -1.6707
 -23.90  -1.6434
 -32.21  -1.5946
 -41.48  -1.6063
 -51.95  -1.5801
 -63.88  -1.1243
1994/08/01 00:00:00 8 2
  -3.05  -1.6438
  -9.45  -1.6355
 -16.36  -1.6198
 -23.90  -1.5724
 -32.21  -1.4919
 -41.48  -1.4578
 -51.95  -1.3591
 -63.88  -1.0503
1994/09/01 00:00:00 8 2
  -3.05  -1.6506
  -9.45  -1.6373
 -16.36  -1.6148
 -23.90  -1.5611
 -32.21  -1.4664
 -41.48  -1.3855
 -51.95  -1.2484
 -63.88  -1.0340
1994/10/01 00:00:00 8 2
  -3.05  -1.6778
  -9.45  -1.6769
 -16.36  -1.6616
 -23.90  -1.6001
 -32.21  -1.4994
 -41.48  -1.3964
 -51.95  -1.2438
 -63.88  -1.0504
1994/11/01 00:00:00 8 2
  -3.05  -1.7082
  -9.45  -1.7082
 -16.36  -1.7079
 -23.90  -1.6753
 -32.21  -1.5938
 -41.48  -1.5014
 -51.95  -1.3448
 -63.88  -1.1265
1994/12/01 00:00:00 8 2
  -3.05  -1.7251
  -9.45  -1.7251
 -16.36  -1.7251
 -23.90  -1.7249
 -32.21  -1.7028
 -41.48  -1.6173
 -51.95  -1.4647
 -63.88  -1.1987
