1998-01-01 00:00:00    6.87  10.95 1013.0   6.80   73.2   0.91
1998-01-01 06:00:00    3.85  13.57 1013.0   6.46   73.9   0.90
1998-01-01 12:00:00   -0.29  15.73 1013.0   6.79   72.6   0.89
1998-01-01 18:00:00   -6.49  19.50 1013.0   7.16   81.3   0.88
1998-01-02 00:00:00   -7.02  20.22 1013.0   8.64   78.2   0.88
1998-01-02 06:00:00    0.99  12.32 1013.0   8.66   84.4   0.88
1998-01-02 12:00:00    0.72  10.90 1013.0   8.14   85.0   0.88
1998-01-02 18:00:00   -1.27  12.02 1013.0   8.16   85.5   0.88
1998-01-03 00:00:00   -1.23  11.51 1013.0   8.51   85.8   0.88
1998-01-03 06:00:00   -5.13  13.40 1013.0   8.06   86.7   0.88
1998-01-03 12:00:00   -9.18  15.41 1013.0   8.01   82.7   0.88
1998-01-03 18:00:00   -4.69  12.41 1013.0   8.25   85.0   0.88
1998-01-04 00:00:00    4.86   7.88 1013.0   8.77   82.1   0.88
1998-01-04 06:00:00   11.03   7.84 1013.0   8.47   83.2   0.88
1998-01-04 12:00:00    9.81   7.98 1013.0   7.92   81.4   0.88
1998-01-04 18:00:00    2.91   6.52 1013.0   6.91   78.6   0.88
1998-01-05 00:00:00   -2.12   2.97 1013.0   6.93   79.6   0.88
1998-01-05 06:00:00   -1.59  -0.10 1013.0   6.64   81.6   0.84
1998-01-05 12:00:00   -2.03   0.82 1013.0   6.83   81.8   0.81
1998-01-05 18:00:00   -0.63  -2.89 1013.0   6.66   81.0   0.78
1998-01-06 00:00:00    1.93  -4.51 1013.0   7.36   77.5   0.75
1998-01-06 06:00:00    4.47  -4.51 1013.0   7.34   82.3   0.81
1998-01-06 12:00:00    2.91  -0.86 1013.0   7.32   80.9   0.88
1998-01-06 18:00:00    0.64   4.92 1013.0   6.61   82.4   0.94
1998-01-07 00:00:00   -4.15   9.42 1013.0   7.26   79.7   1.00
1998-01-07 06:00:00   -0.86   7.73 1013.0   7.56   85.3   0.95
1998-01-07 12:00:00    0.86   6.97 1013.0   7.69   83.4   0.89
1998-01-07 18:00:00    3.41   4.55 1013.0   7.16   82.5   0.84
1998-01-08 00:00:00    5.22   5.54 1013.0   6.56   83.1   0.79
1998-01-08 06:00:00    4.73   3.42 1013.0   6.16   81.7   0.84
1998-01-08 12:00:00    3.73   5.64 1013.0   6.32   78.1   0.89
1998-01-08 18:00:00    3.09   7.06 1013.0   6.83   76.5   0.95
1998-01-09 00:00:00   -2.59  10.23 1013.0   7.72   81.0   1.00
1998-01-09 06:00:00   -5.08  13.47 1013.0   9.12   77.6   1.00
1998-01-09 12:00:00    4.58  11.60 1013.0  10.63   91.7   1.00
1998-01-09 18:00:00    5.15  12.14 1013.0  10.79   90.2   1.00
1998-01-10 00:00:00    7.99  10.03 1013.0  10.58   90.5   1.00
1998-01-10 06:00:00    7.40   7.97 1013.0  10.31   91.1   1.00
1998-01-10 12:00:00    8.28   6.07 1013.0  10.14   92.3   1.00
1998-01-10 18:00:00    5.32   4.80 1013.0   9.76   93.4   1.00
1998-01-11 00:00:00    5.41   4.74 1013.0   9.84   92.5   1.00
1998-01-11 06:00:00    4.13   6.79 1013.0  10.64   90.4   0.97
1998-01-11 12:00:00    2.44   9.98 1013.0  10.90   85.5   0.94
1998-01-11 18:00:00    2.07  11.34 1013.0  10.09   87.2   0.91
1998-01-12 00:00:00    5.16   8.88 1013.0  10.30   92.5   0.88
1998-01-12 06:00:00    6.23   5.50 1013.0   9.62   85.1   0.88
1998-01-12 12:00:00    1.66  10.31 1013.0   8.63   87.2   0.88
1998-01-12 18:00:00    3.45  14.47 1013.0  10.14   78.0   0.88
1998-01-13 00:00:00    6.05  12.11 1013.0   9.26   83.4   0.88
1998-01-13 06:00:00    5.45  10.90 1013.0   8.65   83.8   0.91
1998-01-13 12:00:00    5.32   8.14 1013.0   8.49   84.0   0.94
1998-01-13 18:00:00    1.28   4.51 1013.0   8.11   85.7   0.97
1998-01-14 00:00:00   -2.35   3.25 1013.0   8.29   87.0   1.00
1998-01-14 06:00:00   -1.57   5.15 1013.0   8.69   89.1   0.98
1998-01-14 12:00:00   -0.01   3.65 1013.0   8.89   93.4   0.96
1998-01-14 18:00:00    5.14   1.06 1013.0   7.93   88.6   0.93
1998-01-15 00:00:00    9.57   1.09 1013.0   8.02   86.4   0.91
1998-01-15 06:00:00    7.89   2.64 1013.0   7.74   83.9   0.91
1998-01-15 12:00:00    3.38   5.37 1013.0   7.10   82.5   0.91
1998-01-15 18:00:00    1.11  -0.02 1013.0   6.34   83.4   0.91
1998-01-16 00:00:00    4.95  -0.96 1013.0   6.55   82.2   0.91
1998-01-16 06:00:00    7.47  -3.55 1013.0   6.89   77.4   0.91
1998-01-16 12:00:00    9.09 -11.75 1013.0   6.98   83.4   0.91
1998-01-16 18:00:00    9.35 -13.34 1013.0   6.02   76.8   0.91
1998-01-17 00:00:00    9.92  -9.16 1013.0   4.76   73.5   0.91
1998-01-17 06:00:00    9.57  -6.73 1013.0   4.17   70.3   0.93
1998-01-17 12:00:00    6.82  -8.00 1013.0   3.49   75.3   0.96
1998-01-17 18:00:00    1.41  -8.70 1013.0   2.97   74.5   0.98
1998-01-18 00:00:00   -1.73  -6.84 1013.0   2.05   73.6   1.00
1998-01-18 06:00:00   -4.70  -5.14 1013.0   1.41   74.7   1.00
1998-01-18 12:00:00   -5.61  -5.91 1013.0   2.09   74.2   1.00
1998-01-18 18:00:00   -8.50 -10.78 1013.0   2.95   70.9   1.00
1998-01-19 00:00:00   -4.86 -14.20 1013.0   2.80   70.3   1.00
1998-01-19 06:00:00   -3.10 -15.87 1013.0   3.12   82.3   0.97
1998-01-19 12:00:00   -4.97 -17.41 1013.0   3.81   75.0   0.94
1998-01-19 18:00:00   -3.93 -16.44 1013.0   4.10   74.0   0.91
1998-01-20 00:00:00   -4.50 -12.05 1013.0   3.86   70.5   0.88
1998-01-20 06:00:00   -4.97  -7.92 1013.0   4.44   71.2   0.91
1998-01-20 12:00:00   -5.02   1.42 1013.0   4.71   63.7   0.94
1998-01-20 18:00:00   -1.94   9.94 1013.0   4.95   66.0   0.97
1998-01-21 00:00:00    1.56  15.87 1013.0   6.50   69.4   1.00
1998-01-21 06:00:00    1.08  19.32 1013.0   7.18   74.9   1.00
1998-01-21 12:00:00    1.60  19.09 1013.0   7.71   85.4   1.00
1998-01-21 18:00:00    3.39  17.14 1013.0   8.74   86.9   1.00
1998-01-22 00:00:00    4.18  14.79 1013.0   9.44   91.3   1.00
1998-01-22 06:00:00    6.96  10.59 1013.0  10.38   92.6   1.00
1998-01-22 12:00:00    5.91   5.46 1013.0  10.12   92.7   1.00
1998-01-22 18:00:00    2.35   0.82 1013.0   9.13   92.0   1.00
1998-01-23 00:00:00   -0.82  -6.54 1013.0   7.21   88.9   1.00
1998-01-23 06:00:00   -1.42 -11.54 1013.0   4.69   79.4   1.00
1998-01-23 12:00:00   -0.07 -12.63 1013.0   4.05   72.0   1.00
1998-01-23 18:00:00   -1.41 -11.50 1013.0   5.41   69.8   1.00
1998-01-24 00:00:00   -3.45  -9.45 1013.0   4.91   73.1   1.00
1998-01-24 06:00:00   -3.58  -7.38 1013.0   5.32   73.7   1.00
1998-01-24 12:00:00   -0.99  -4.94 1013.0   5.26   68.4   1.00
1998-01-24 18:00:00   -0.13  -4.61 1013.0   4.37   72.9   1.00
1998-01-25 00:00:00    1.70  -2.64 1013.0   4.46   73.5   1.00
1998-01-25 06:00:00    3.73  -2.83 1013.0   4.90   73.2   1.00
1998-01-25 12:00:00    5.02  -1.33 1013.0   5.49   70.6   1.00
1998-01-25 18:00:00    5.86  -0.72 1013.0   5.78   77.2   1.00
1998-01-26 00:00:00    6.01   0.08 1013.0   6.30   74.5   1.00
1998-01-26 06:00:00    7.13   1.22 1013.0   6.95   75.9   1.00
1998-01-26 12:00:00    9.11   0.91 1013.0   7.20   74.4   1.00
1998-01-26 18:00:00   10.83   1.44 1013.0   7.65   75.9   1.00
1998-01-27 00:00:00   12.71   1.34 1013.0   7.55   83.8   1.00
1998-01-27 06:00:00   11.68  -1.87 1013.0   8.24   77.5   1.00
1998-01-27 12:00:00    3.13  -7.51 1013.0   7.23   82.1   1.00
1998-01-27 18:00:00    0.30  -7.26 1013.0   4.32   78.1   1.00
1998-01-28 00:00:00    1.67  -5.07 1013.0   3.07   72.6   1.00
1998-01-28 06:00:00    2.86  -4.40 1013.0   3.64   70.2   0.97
1998-01-28 12:00:00    2.60  -6.02 1013.0   4.02   71.1   0.94
1998-01-28 18:00:00    1.14  -6.83 1013.0   5.02   73.8   0.91
1998-01-29 00:00:00    2.09  -3.04 1013.0   4.58   72.7   0.88
1998-01-29 06:00:00    4.83  -0.77 1013.0   5.83   74.5   0.91
1998-01-29 12:00:00    6.91  -0.71 1013.0   8.00   75.7   0.94
1998-01-29 18:00:00    8.81  -4.42 1013.0   7.96   85.3   0.97
1998-01-30 00:00:00    3.21  -8.13 1013.0   7.14   85.3   1.00
1998-01-30 06:00:00    0.38  -8.85 1013.0   5.84   78.3   0.97
1998-01-30 12:00:00   -4.37  -6.46 1013.0   4.47   74.8   0.94
1998-01-30 18:00:00   -4.72  -4.67 1013.0   3.91   71.8   0.91
1998-01-31 00:00:00   -3.90  -1.15 1013.0   3.01   71.7   0.88
1998-01-31 06:00:00   -1.17   3.33 1013.0   3.43   67.8   0.91
1998-01-31 12:00:00    2.57   7.82 1013.0   4.38   69.8   0.94
1998-01-31 18:00:00    2.57   7.82 1013.0   4.38   69.8   0.97
1998-02-01 00:00:00    7.11   2.57 1013.0   5.85   85.6   1.00
1998-02-01 06:00:00    4.16  -3.45 1013.0   4.97   81.4   1.00
1998-02-01 12:00:00    3.84  -6.96 1013.0   3.74   78.3   1.00
1998-02-01 18:00:00    4.03  -2.49 1013.0   3.04   67.9   1.00
1998-02-02 00:00:00    9.66  -6.57 1013.0   4.12   83.5   1.00
1998-02-02 06:00:00    6.99 -12.86 1013.0   0.50   73.7   1.00
1998-02-02 12:00:00    5.10 -12.49 1013.0  -1.03   76.7   1.00
1998-02-02 18:00:00    5.24 -12.30 1013.0  -0.18   71.9   1.00
1998-02-03 00:00:00    4.54 -10.50 1013.0   0.88   65.4   1.00
1998-02-03 06:00:00    2.33   1.37 1013.0   2.60   69.1   0.97
1998-02-03 12:00:00    9.67   2.13 1013.0   7.34   77.2   0.94
1998-02-03 18:00:00   13.03   2.87 1013.0   7.67   83.9   0.91
1998-02-04 00:00:00   12.54  -3.48 1013.0   6.44   73.2   0.88
1998-02-04 06:00:00   10.11  -2.70 1013.0   5.24   78.2   0.91
1998-02-04 12:00:00    8.58   7.06 1013.0   5.95   74.0   0.94
1998-02-04 18:00:00   13.75  -7.69 1013.0   5.77   74.0   0.97
1998-02-05 00:00:00   13.09  -1.15 1013.0   5.61   82.2   1.00
1998-02-05 06:00:00   10.38  -1.57 1013.0   6.70   81.9   1.00
1998-02-05 12:00:00    8.43   0.80 1013.0   7.40   80.2   1.00
1998-02-05 18:00:00    9.87   4.47 1013.0   8.81   85.9   1.00
1998-02-06 00:00:00    8.65   7.55 1013.0   8.59   88.2   1.00
1998-02-06 06:00:00    6.80   9.69 1013.0   8.31   88.2   0.97
1998-02-06 12:00:00    7.38  13.59 1013.0   8.79   81.9   0.94
1998-02-06 18:00:00    4.90  13.96 1013.0   8.08   88.3   0.91
1998-02-07 00:00:00    9.77   7.15 1013.0   7.20   80.7   0.88
1998-02-07 06:00:00   10.47   5.49 1013.0   5.63   85.6   0.91
1998-02-07 12:00:00   12.71  -3.08 1013.0   5.98   81.0   0.94
1998-02-07 18:00:00   11.59  -3.25 1013.0   5.91   80.7   0.97
1998-02-08 00:00:00    8.71   1.47 1013.0   6.41   80.0   1.00
1998-02-08 06:00:00    3.81  11.75 1013.0   6.66   84.7   0.97
1998-02-08 12:00:00    9.46  11.64 1013.0   9.36   88.9   0.94
1998-02-08 18:00:00   11.48   9.30 1013.0  10.17   87.5   0.91
1998-02-09 00:00:00   10.93   9.52 1013.0   9.96   86.4   0.88
1998-02-09 06:00:00    9.49   4.83 1013.0   9.47   90.4   0.88
1998-02-09 12:00:00    6.26   6.15 1013.0   8.84   89.7   0.88
1998-02-09 18:00:00    7.61   8.00 1013.0   9.01   89.2   0.88
1998-02-10 00:00:00   14.88   4.81 1013.0   8.19   79.3   0.88
1998-02-10 06:00:00   15.83   2.66 1013.0   6.82   77.2   0.91
1998-02-10 12:00:00   13.38   1.20 1013.0   6.63   75.4   0.94
1998-02-10 18:00:00   10.21   4.09 1013.0   6.93   74.8   0.97
1998-02-11 00:00:00   10.88   7.63 1013.0   8.69   74.9   1.00
1998-02-11 06:00:00    2.68   6.80 1013.0   8.01   91.0   0.99
1998-02-11 12:00:00    3.51   3.27 1013.0   8.93   91.3   0.98
1998-02-11 18:00:00    2.30  -2.19 1013.0   8.41   94.3   0.97
1998-02-12 00:00:00    1.84   0.40 1013.0   7.50   92.3   0.96
1998-02-12 06:00:00    1.01  -3.35 1013.0   7.26   88.2   0.97
1998-02-12 12:00:00   -2.38  -4.79 1013.0   7.16   85.1   0.98
1998-02-12 18:00:00   -7.79  -2.04 1013.0   6.31   83.9   0.99
1998-02-13 00:00:00   -7.80   3.44 1013.0   6.12   82.5   1.00
1998-02-13 06:00:00   -3.00   5.64 1013.0   7.96   89.3   1.00
1998-02-13 12:00:00    4.68   5.22 1013.0   9.78   94.8   1.00
1998-02-13 18:00:00    7.14   4.16 1013.0  10.34   94.6   1.00
1998-02-14 00:00:00   10.13   7.41 1013.0  10.43   90.3   1.00
1998-02-14 06:00:00    9.88   2.82 1013.0  10.14   92.7   1.00
1998-02-14 12:00:00    6.31   1.06 1013.0   9.38   93.7   1.00
1998-02-14 18:00:00    3.56   0.79 1013.0   9.05   95.5   1.00
1998-02-15 00:00:00    1.86  -0.03 1013.0   8.95   96.8   1.00
1998-02-15 06:00:00    1.62   0.39 1013.0   8.93   97.1   0.98
1998-02-15 12:00:00    4.33   3.60 1013.0   9.28   95.3   0.96
1998-02-15 18:00:00    2.51   6.64 1013.0   9.49   94.6   0.93
1998-02-16 00:00:00    2.99   4.48 1013.0   9.17   94.9   0.91
1998-02-16 06:00:00   -3.58  -9.94 1013.0   7.75   91.7   0.93
1998-02-16 12:00:00   -2.79 -14.41 1013.0   5.95   77.1   0.96
1998-02-16 18:00:00    0.73  -9.34 1013.0   6.49   69.1   0.98
1998-02-17 00:00:00    6.70   0.44 1013.0   5.87   75.8   1.00
1998-02-17 06:00:00    7.39   7.18 1013.0   9.13   79.7   1.00
1998-02-17 12:00:00   12.04  -0.54 1013.0   9.92   90.2   1.00
1998-02-17 18:00:00   12.15   0.00 1013.0   9.94   90.3   1.00
1998-02-18 00:00:00   11.45   1.43 1013.0   9.90   90.2   1.00
1998-02-18 06:00:00    9.99   2.83 1013.0   9.64   92.0   1.00
1998-02-18 12:00:00    7.37   3.26 1013.0   9.34   92.1   1.00
1998-02-18 18:00:00    6.57   3.55 1013.0   9.34   93.3   1.00
1998-02-19 00:00:00    6.59   3.68 1013.0   8.89   91.8   1.00
1998-02-19 06:00:00    6.56   3.43 1013.0   8.74   92.2   1.00
1998-02-19 12:00:00    7.41   8.92 1013.0   8.71   90.1   1.00
1998-02-19 18:00:00    9.12   4.96 1013.0   9.49   88.5   1.00
1998-02-20 00:00:00    5.83   4.46 1013.0   8.94   90.6   1.00
1998-02-20 06:00:00    2.96   8.36 1013.0   8.64   92.0   0.97
1998-02-20 12:00:00    2.75  12.36 1013.0   9.18   90.7   0.94
1998-02-20 18:00:00    3.67  15.20 1013.0   9.70   91.1   0.91
1998-02-21 00:00:00    5.41  15.71 1013.0  10.15   87.2   0.88
1998-02-21 06:00:00   12.08   4.11 1013.0   8.30   84.9   0.88
1998-02-21 12:00:00    9.74   4.21 1013.0   7.57   77.8   0.88
1998-02-21 18:00:00    6.91   6.50 1013.0   7.64   78.4   0.88
1998-02-22 00:00:00    9.05  -1.96 1013.0   6.36   80.3   0.88
1998-02-22 06:00:00    7.04  -2.11 1013.0   5.73   80.2   0.91
1998-02-22 12:00:00   13.05   5.27 1013.0   7.41   73.1   0.94
1998-02-22 18:00:00   13.00   4.60 1013.0   8.62   81.8   0.97
1998-02-23 00:00:00   12.75  10.62 1013.0   8.14   82.1   1.00
1998-02-23 06:00:00   14.76   0.34 1013.0   9.75   88.1   1.00
1998-02-23 12:00:00   10.57   0.46 1013.0   8.93   84.8   1.00
1998-02-23 18:00:00   12.23  -0.97 1013.0   9.75   88.9   1.00
1998-02-24 00:00:00   10.99  -1.37 1013.0   9.74   89.9   1.00
1998-02-24 06:00:00   12.27  -0.78 1013.0  10.23   91.6   0.97
1998-02-24 12:00:00   12.23  -0.80 1013.0   9.83   90.8   0.94
1998-02-24 18:00:00   12.02   0.03 1013.0   9.53   88.6   0.91
1998-02-25 00:00:00   10.32   3.97 1013.0   9.28   88.9   0.88
1998-02-25 06:00:00   10.44   3.78 1013.0   8.98   88.8   0.88
1998-02-25 12:00:00    9.79   6.50 1013.0   8.87   82.9   0.88
1998-02-25 18:00:00    8.31   9.15 1013.0   9.45   81.6   0.88
1998-02-26 00:00:00    8.98  14.05 1013.0   8.99   79.8   0.88
1998-02-26 06:00:00   15.88   5.53 1013.0   7.65   78.4   0.91
1998-02-26 12:00:00   16.01   9.39 1013.0   7.53   73.7   0.94
1998-02-26 18:00:00   16.40   8.20 1013.0   6.96   83.2   0.97
1998-02-27 00:00:00   16.85   8.56 1013.0   6.95   83.0   1.00
1998-02-27 06:00:00   17.45   3.77 1013.0   5.50   81.0   1.00
1998-02-27 12:00:00   13.03  -2.53 1013.0   3.89   73.9   1.00
1998-02-27 18:00:00   14.41  -8.59 1013.0   3.64   77.3   1.00
1998-02-28 00:00:00    9.21 -12.77 1013.0   3.44   77.5   1.00
1998-02-28 06:00:00    8.01 -14.81 1013.0   2.87   74.1   1.00
1998-02-28 12:00:00    8.17 -10.93 1013.0   1.51   73.1   1.00
1998-02-28 18:00:00    7.28  -9.29 1013.0   0.82   74.5   1.00
1998-03-01 00:00:00    5.97  -8.91 1013.0  -0.18   72.9   1.00
1998-03-01 06:00:00    4.74  -9.08 1013.0  -1.26   73.4   0.97
1998-03-01 12:00:00    1.63  -3.34 1013.0  -1.98   68.5   0.94
1998-03-01 18:00:00   -6.77   6.18 1013.0   0.81   72.6   0.91
1998-03-02 00:00:00   -4.28   6.12 1013.0   3.44   78.8   0.88
1998-03-02 06:00:00   -3.58  -4.40 1013.0   3.82   79.3   0.88
1998-03-02 12:00:00   -2.43  -9.91 1013.0   3.62   76.8   0.88
1998-03-02 18:00:00   -0.72  -4.22 1013.0   2.90   69.8   0.88
1998-03-03 00:00:00   -5.78   4.12 1013.0   3.08   71.2   0.88
1998-03-03 06:00:00   -9.46   8.99 1013.0   4.66   75.2   0.91
1998-03-03 12:00:00    7.54   1.96 1013.0   6.21   78.0   0.94
1998-03-03 18:00:00   11.83   2.86 1013.0   5.57   73.8   0.97
1998-03-04 00:00:00    9.17   2.65 1013.0   4.96   75.9   1.00
1998-03-04 06:00:00    3.05  -0.03 1013.0   4.08   79.2   0.97
1998-03-04 12:00:00   -3.34  -3.82 1013.0   3.47   79.0   0.94
1998-03-04 18:00:00   -5.74  -7.18 1013.0   3.97   73.1   0.91
1998-03-05 00:00:00   -0.35  -6.41 1013.0   3.49   70.4   0.88
1998-03-05 06:00:00    7.94  -6.33 1013.0   2.28   71.1   0.88
1998-03-05 12:00:00   10.42  -0.73 1013.0   2.18   81.4   0.88
1998-03-05 18:00:00    6.69 -12.36 1013.0   2.55   77.4   0.88
1998-03-06 00:00:00    6.31 -12.75 1013.0   1.72   72.2   0.88
1998-03-06 06:00:00    2.75  -9.14 1013.0   0.15   72.5   0.90
1998-03-06 12:00:00   -1.15  -4.32 1013.0   0.27   62.8   0.92
1998-03-06 18:00:00   -6.28   1.39 1013.0   0.96   64.1   0.94
1998-03-07 00:00:00   -8.66   5.07 1013.0   1.87   70.0   0.96
1998-03-07 06:00:00  -12.07   1.66 1013.0   2.56   75.8   0.94
1998-03-07 12:00:00  -12.19   0.11 1013.0   2.84   72.2   0.92
1998-03-07 18:00:00   -8.83  -1.31 1013.0   2.99   63.5   0.90
1998-03-08 00:00:00   -5.46  -2.07 1013.0   3.50   61.6   0.88
1998-03-08 06:00:00   -0.79  -2.86 1013.0   2.97   69.6   0.83
1998-03-08 12:00:00    0.50  -4.90 1013.0   3.09   71.4   0.79
1998-03-08 18:00:00   -0.25  -5.45 1013.0   3.19   74.2   0.74
1998-03-09 00:00:00   -1.80  -4.36 1013.0   2.85   74.0   0.70
1998-03-09 06:00:00   -0.16  -2.05 1013.0   2.89   70.6   0.77
1998-03-09 12:00:00   -0.89   3.53 1013.0   3.57   65.8   0.85
1998-03-09 18:00:00    0.86   8.03 1013.0   5.46   72.0   0.92
1998-03-10 00:00:00    5.19   9.10 1013.0   7.53   74.5   1.00
1998-03-10 06:00:00    3.21   7.32 1013.0   7.29   86.5   0.97
1998-03-10 12:00:00    1.27  11.23 1013.0   6.83   86.6   0.94
1998-03-10 18:00:00   -0.53  12.94 1013.0   6.15   88.0   0.91
1998-03-11 00:00:00    1.28   7.04 1013.0   7.02   79.2   0.88
1998-03-11 06:00:00    7.01 -14.61 1013.0   4.64   75.8   0.91
1998-03-11 12:00:00    5.28  -7.56 1013.0   3.97   73.5   0.94
1998-03-11 18:00:00    3.29 -12.71 1013.0   2.52   72.4   0.97
1998-03-12 00:00:00    5.53  -6.68 1013.0   1.91   67.0   1.00
1998-03-12 06:00:00    5.58  -0.77 1013.0   3.93   64.0   0.97
1998-03-12 12:00:00    6.60   9.29 1013.0   6.11   74.4   0.94
1998-03-12 18:00:00    7.11  -2.82 1013.0   8.39   84.0   0.91
1998-03-13 00:00:00    7.59  -3.43 1013.0   8.14   82.6   0.88
1998-03-13 06:00:00    7.20  -7.28 1013.0   7.86   85.5   0.90
1998-03-13 12:00:00    5.58  -6.91 1013.0   7.48   82.1   0.92
1998-03-13 18:00:00    2.70  -8.01 1013.0   6.98   85.5   0.94
1998-03-14 00:00:00    2.84  -3.06 1013.0   6.16   83.1   0.96
1998-03-14 06:00:00    8.97  -5.30 1013.0   8.98   80.5   0.97
1998-03-14 12:00:00   10.95  -4.53 1013.0   9.43   88.1   0.98
1998-03-14 18:00:00   10.15  -3.82 1013.0   9.27   89.1   0.99
1998-03-15 00:00:00    9.81  -3.64 1013.0   9.71   87.8   1.00
1998-03-15 06:00:00   10.74  -2.53 1013.0   9.43   89.9   0.97
1998-03-15 12:00:00    9.84   0.32 1013.0   9.69   92.0   0.94
1998-03-15 18:00:00    8.40   0.21 1013.0   9.30   91.6   0.91
1998-03-16 00:00:00    8.88  -0.71 1013.0   8.74   85.5   0.88
1998-03-16 06:00:00    5.20  -0.03 1013.0   8.09   82.4   0.88
1998-03-16 12:00:00    5.27   3.09 1013.0   7.73   86.4   0.88
1998-03-16 18:00:00    3.76   1.26 1013.0   7.93   87.9   0.88
1998-03-17 00:00:00    7.42   1.98 1013.0   8.01   83.5   0.88
1998-03-17 06:00:00   10.53   4.39 1013.0   7.81   82.3   0.88
1998-03-17 12:00:00   11.71  10.12 1013.0   8.22   75.6   0.88
1998-03-17 18:00:00   16.49  -0.58 1013.0   8.11   78.1   0.88
1998-03-18 00:00:00   16.27  -2.10 1013.0   6.81   74.9   0.88
1998-03-18 06:00:00   12.60  -6.30 1013.0   5.65   75.2   0.88
1998-03-18 12:00:00    9.28  -7.85 1013.0   5.05   72.8   0.88
1998-03-18 18:00:00    6.82  -7.83 1013.0   3.88   75.7   0.88
1998-03-19 00:00:00    8.61  -5.06 1013.0   5.50   66.4   0.88
1998-03-19 06:00:00   10.69  -6.03 1013.0   6.64   72.7   0.87
1998-03-19 12:00:00    8.97  -8.15 1013.0   7.04   75.3   0.86
1998-03-19 18:00:00    4.10  -6.86 1013.0   6.15   78.6   0.85
1998-03-20 00:00:00    3.53  -3.58 1013.0   6.48   74.8   0.84
1998-03-20 06:00:00    1.14  -2.46 1013.0   7.45   75.7   0.86
1998-03-20 12:00:00    4.53  -1.86 1013.0   8.76   80.3   0.88
1998-03-20 18:00:00    6.46  -4.86 1013.0   8.23   91.3   0.89
1998-03-21 00:00:00    6.49  -3.90 1013.0   8.32   90.1   0.91
1998-03-21 06:00:00    6.52  -4.96 1013.0   7.95   88.6   0.93
1998-03-21 12:00:00    6.51  -2.81 1013.0   7.86   87.1   0.96
1998-03-21 18:00:00    7.35  -1.61 1013.0   7.31   82.5   0.98
1998-03-22 00:00:00    6.13   0.44 1013.0   8.36   83.1   1.00
1998-03-22 06:00:00    5.53  -0.92 1013.0   8.03   90.8   1.00
1998-03-22 12:00:00    5.30  -0.79 1013.0   8.00   82.8   1.00
1998-03-22 18:00:00    4.21  -0.46 1013.0   7.63   82.2   1.00
1998-03-23 00:00:00    2.18   3.18 1013.0   6.92   78.6   1.00
1998-03-23 06:00:00    0.33   7.30 1013.0   6.81   79.0   0.97
1998-03-23 12:00:00   -0.42  15.06 1013.0   7.59   81.2   0.94
1998-03-23 18:00:00    0.66  18.68 1013.0   6.62   86.6   0.91
1998-03-24 00:00:00    4.77  18.12 1013.0   7.43   88.4   0.88
1998-03-24 06:00:00    9.94   4.92 1013.0   7.08   80.9   0.88
1998-03-24 12:00:00   10.14   4.01 1013.0   6.67   77.7   0.88
1998-03-24 18:00:00    7.20   1.05 1013.0   6.77   72.7   0.88
1998-03-25 00:00:00    4.77   3.50 1013.0   6.37   79.9   0.88
1998-03-25 06:00:00    0.92   6.37 1013.0   6.57   83.2   0.88
1998-03-25 12:00:00    0.56   8.97 1013.0   6.91   84.3   0.89
1998-03-25 18:00:00    0.29  10.02 1013.0   7.90   85.6   0.90
1998-03-26 00:00:00    0.46  12.07 1013.0   8.72   93.6   0.91
1998-03-26 06:00:00   -1.75  13.61 1013.0   8.38   92.3   0.90
1998-03-26 12:00:00    0.12  16.76 1013.0   8.97   88.6   0.89
1998-03-26 18:00:00   12.68   9.80 1013.0   8.79   77.8   0.88
1998-03-27 00:00:00   16.68   4.25 1013.0   8.12   82.3   0.88
1998-03-27 06:00:00   13.02   0.91 1013.0   7.53   81.8   0.88
1998-03-27 12:00:00    6.62   1.80 1013.0   7.41   78.8   0.89
1998-03-27 18:00:00   -0.69   6.90 1013.0   8.85   81.6   0.90
1998-03-28 00:00:00    0.62   8.86 1013.0   9.59   92.4   0.91
1998-03-28 06:00:00    2.36   8.19 1013.0   9.76   88.9   0.91
1998-03-28 12:00:00    1.24   9.02 1013.0   9.51   85.3   0.91
1998-03-28 18:00:00    1.84   8.61 1013.0   9.29   91.0   0.91
1998-03-29 00:00:00    5.12   5.92 1013.0   9.32   93.5   0.91
1998-03-29 06:00:00    5.21   0.13 1013.0   8.25   91.0   0.93
1998-03-29 12:00:00    1.08   0.72 1013.0   8.22   83.6   0.96
1998-03-29 18:00:00   -3.79   0.76 1013.0   8.19   87.2   0.98
1998-03-30 00:00:00   -7.19   3.45 1013.0   8.33   91.7   1.00
1998-03-30 06:00:00   -6.50   7.99 1013.0   8.69   94.8   0.98
1998-03-30 12:00:00    0.24   8.39 1013.0   9.44   96.2   0.96
1998-03-30 18:00:00    5.09   7.09 1013.0  10.20   92.3   0.93
1998-03-31 00:00:00    7.22   1.77 1013.0   9.19   94.2   0.91
1998-03-31 06:00:00    4.48  -8.65 1013.0   8.23   90.1   0.90
1998-03-31 12:00:00   -0.48 -11.72 1013.0   7.49   85.2   0.89
1998-03-31 18:00:00   -0.48 -11.72 1013.0   7.49   85.2   0.88
1998-04-01 00:00:00   -4.20  -8.72 1013.0   6.79   72.5   0.88
1998-04-01 06:00:00   -4.89  -8.34 1013.0   6.79   76.7   0.88
1998-04-01 12:00:00   -6.47  -7.09 1013.0   6.89   74.6   0.88
1998-04-01 18:00:00   -6.22  -5.86 1013.0   6.84   75.6   0.88
1998-04-02 00:00:00   -6.28  -4.68 1013.0   6.54   74.7   0.88
1998-04-02 06:00:00   -5.74  -1.56 1013.0   6.08   79.2   0.87
1998-04-02 12:00:00   -5.47   3.18 1013.0   5.56   76.8   0.86
1998-04-02 18:00:00   -5.97   6.40 1013.0   5.06   76.8   0.85
1998-04-03 00:00:00  -10.48   4.41 1013.0   5.08   70.5   0.84
1998-04-03 06:00:00  -14.15   3.22 1013.0   4.42   72.2   0.85
1998-04-03 12:00:00  -15.41   1.02 1013.0   4.15   70.9   0.86
1998-04-03 18:00:00  -14.50   0.93 1013.0   5.05   69.9   0.87
1998-04-04 00:00:00  -14.23   1.69 1013.0   4.84   77.2   0.88
1998-04-04 06:00:00  -11.56   0.84 1013.0   5.25   77.8   0.88
1998-04-04 12:00:00  -10.19   1.82 1013.0   4.81   74.8   0.88
1998-04-04 18:00:00   -9.25   1.01 1013.0   5.72   72.6   0.88
1998-04-05 00:00:00   -8.88   0.30 1013.0   5.69   71.2   0.88
1998-04-05 06:00:00   -7.82  -1.03 1013.0   5.40   73.4   0.88
1998-04-05 12:00:00   -9.16  -1.60 1013.0   6.14   72.4   0.88
1998-04-05 18:00:00   -9.63   0.22 1013.0   7.43   77.0   0.88
1998-04-06 00:00:00   -9.34   1.46 1013.0   7.75   86.9   0.88
1998-04-06 06:00:00   -8.90   1.35 1013.0   7.69   87.0   0.88
1998-04-06 12:00:00   -8.09   0.77 1013.0   8.15   85.2   0.89
1998-04-06 18:00:00   -7.76  -0.94 1013.0   8.29   85.6   0.90
1998-04-07 00:00:00   -6.02  -3.41 1013.0   7.74   84.5   0.91
1998-04-07 06:00:00   -5.54  -7.29 1013.0   6.80   80.1   0.93
1998-04-07 12:00:00   -3.86  -6.88 1013.0   6.40   75.9   0.96
1998-04-07 18:00:00   -1.16  -6.41 1013.0   6.03   74.7   0.98
1998-04-08 00:00:00   -3.80  -5.73 1013.0   5.90   77.1   1.00
1998-04-08 06:00:00   -6.06  -8.43 1013.0   5.11   74.3   0.97
1998-04-08 12:00:00   -6.30  -9.53 1013.0   4.89   71.4   0.94
1998-04-08 18:00:00   -4.68 -11.22 1013.0   4.43   72.5   0.91
1998-04-09 00:00:00   -2.47  -9.28 1013.0   3.99   72.7   0.88
1998-04-09 06:00:00   -0.51  -6.57 1013.0   2.93   75.2   0.91
1998-04-09 12:00:00   -0.48  -4.37 1013.0   2.84   70.0   0.94
1998-04-09 18:00:00   -3.22  -5.39 1013.0   3.20   74.2   0.97
1998-04-10 00:00:00   -5.39  -9.46 1013.0   4.15   70.6   1.00
1998-04-10 06:00:00   -4.52 -10.48 1013.0   3.79   74.3   0.99
1998-04-10 12:00:00   -5.26 -10.12 1013.0   4.21   72.5   0.98
1998-04-10 18:00:00   -4.45 -10.29 1013.0   4.16   72.1   0.97
1998-04-11 00:00:00   -4.30 -11.14 1013.0   3.96   74.0   0.96
1998-04-11 06:00:00   -4.67 -11.72 1013.0   4.19   73.2   0.97
1998-04-11 12:00:00   -4.07 -12.41 1013.0   4.63   65.3   0.98
1998-04-11 18:00:00   -2.82 -13.87 1013.0   4.52   70.5   0.99
1998-04-12 00:00:00   -2.18 -14.91 1013.0   4.18   73.3   1.00
1998-04-12 06:00:00   -1.61 -16.26 1013.0   4.48   75.4   1.00
1998-04-12 12:00:00   -4.01 -15.65 1013.0   4.88   73.7   1.00
1998-04-12 18:00:00   -2.43 -16.33 1013.0   4.90   74.7   1.00
1998-04-13 00:00:00   -1.34 -14.92 1013.0   4.32   78.3   1.00
1998-04-13 06:00:00    0.37 -12.89 1013.0   3.51   78.2   0.99
1998-04-13 12:00:00   -0.27 -10.49 1013.0   3.38   76.0   0.98
1998-04-13 18:00:00   -0.13  -9.17 1013.0   2.75   75.9   0.97
1998-04-14 00:00:00   -0.11  -9.48 1013.0   3.00   76.9   0.96
1998-04-14 06:00:00    0.83  -9.00 1013.0   3.68   75.8   0.94
1998-04-14 12:00:00   -1.78  -3.70 1013.0   4.61   80.1   0.92
1998-04-14 18:00:00   -2.72   2.96 1013.0   4.99   75.5   0.90
1998-04-15 00:00:00   -3.01   5.20 1013.0   4.41   75.9   0.88
1998-04-15 06:00:00   -5.06   3.38 1013.0   4.34   75.0   0.83
1998-04-15 12:00:00   -5.51   3.03 1013.0   4.70   74.9   0.78
1998-04-15 18:00:00   -5.39   5.12 1013.0   5.09   83.4   0.73
1998-04-16 00:00:00   -7.82   1.82 1013.0   5.32   78.1   0.68
1998-04-16 06:00:00   -8.40  -5.25 1013.0   5.60   79.3   0.73
1998-04-16 12:00:00   -6.48 -10.85 1013.0   7.23   67.0   0.78
1998-04-16 18:00:00   -4.23 -13.22 1013.0   7.29   75.9   0.83
1998-04-17 00:00:00   -3.22 -13.03 1013.0   6.89   77.8   0.88
1998-04-17 06:00:00   -2.53 -11.44 1013.0   6.74   81.7   0.79
1998-04-17 12:00:00   -1.10  -8.70 1013.0   7.28   76.3   0.71
1998-04-17 18:00:00   -0.79  -7.16 1013.0   7.20   76.2   0.62
1998-04-18 00:00:00    0.53  -4.75 1013.0   6.45   80.2   0.54
1998-04-18 06:00:00   -0.19  -1.95 1013.0   5.94   76.3   0.60
1998-04-18 12:00:00    0.32   1.06 1013.0   6.57   65.7   0.66
1998-04-18 18:00:00    1.27   1.25 1013.0   6.73   67.8   0.72
1998-04-19 00:00:00    0.16   3.28 1013.0   6.27   74.3   0.79
1998-04-19 06:00:00    0.29   3.73 1013.0   6.36   75.8   0.81
1998-04-19 12:00:00    0.18   5.63 1013.0   6.66   67.9   0.83
1998-04-19 18:00:00   -0.21   5.40 1013.0   6.93   72.8   0.85
1998-04-20 00:00:00   -1.49   6.78 1013.0   7.23   74.9   0.88
1998-04-20 06:00:00   -2.38   6.53 1013.0   7.10   83.3   0.88
1998-04-20 12:00:00   -3.24   7.92 1013.0   7.45   84.2   0.89
1998-04-20 18:00:00   -3.05   7.26 1013.0   7.67   86.9   0.90
1998-04-21 00:00:00   -4.18   6.40 1013.0   7.41   91.4   0.91
1998-04-21 06:00:00   -3.53   5.84 1013.0   7.95   89.8   0.93
1998-04-21 12:00:00   -4.48   6.04 1013.0   7.50   90.4   0.96
1998-04-21 18:00:00   -4.17   6.70 1013.0   7.82   92.1   0.98
1998-04-22 00:00:00   -4.40   8.20 1013.0   7.92   89.8   1.00
1998-04-22 06:00:00   -6.70  10.31 1013.0   7.68   90.2   0.97
1998-04-22 12:00:00   -6.31  11.43 1013.0   7.99   91.4   0.94
1998-04-22 18:00:00   -5.75  12.15 1013.0   8.35   89.8   0.91
1998-04-23 00:00:00   -7.86  11.91 1013.0   8.56   88.2   0.88
1998-04-23 06:00:00   -8.78  12.61 1013.0   9.15   90.5   0.91
1998-04-23 12:00:00   -7.37  12.83 1013.0   8.20   90.4   0.94
1998-04-23 18:00:00   -6.49  11.00 1013.0   8.14   91.3   0.97
1998-04-24 00:00:00   -4.19   8.57 1013.0   8.72   93.0   1.00
1998-04-24 06:00:00   -0.61   4.75 1013.0   8.12   96.5   0.95
1998-04-24 12:00:00   -1.59   5.29 1013.0   8.36   94.6   0.89
1998-04-24 18:00:00   -2.12   8.35 1013.0   8.16   91.8   0.84
1998-04-25 00:00:00   -1.34   7.54 1013.0   8.43   94.8   0.79
1998-04-25 06:00:00   -0.03   3.85 1013.0   8.06   96.0   0.79
1998-04-25 12:00:00    0.43   4.39 1013.0   8.12   94.4   0.79
1998-04-25 18:00:00   -0.24   5.03 1013.0   8.48   91.3   0.79
1998-04-26 00:00:00   -0.92   5.99 1013.0   8.20   93.2   0.79
1998-04-26 06:00:00   -2.31   6.84 1013.0   8.22   93.9   0.82
1998-04-26 12:00:00   -0.63   6.51 1013.0   8.18   91.2   0.85
1998-04-26 18:00:00   -1.62   5.24 1013.0   8.21   92.0   0.88
1998-04-27 00:00:00   -2.16   5.44 1013.0   7.79   92.9   0.91
1998-04-27 06:00:00   -4.79   6.22 1013.0   8.13   87.9   0.90
1998-04-27 12:00:00   -2.72   7.83 1013.0   8.32   87.9   0.89
1998-04-27 18:00:00   -2.45   7.54 1013.0   8.39   88.8   0.88
1998-04-28 00:00:00   -1.70   7.29 1013.0   8.12   91.4   0.88
1998-04-28 06:00:00   -0.49   5.32 1013.0   7.98   91.4   0.90
1998-04-28 12:00:00    0.11   3.69 1013.0   8.23   87.7   0.92
1998-04-28 18:00:00   -1.09   4.35 1013.0   8.35   89.3   0.94
1998-04-29 00:00:00   -0.85   4.31 1013.0   7.82   89.3   0.96
1998-04-29 06:00:00   -2.34   4.60 1013.0   7.31   82.0   0.91
1998-04-29 12:00:00   -2.77   3.81 1013.0   7.23   79.3   0.86
1998-04-29 18:00:00   -2.78   2.29 1013.0   7.31   82.8   0.80
1998-04-30 00:00:00   -1.31  -0.89 1013.0   7.20   83.7   0.75
1998-04-30 06:00:00   -1.04  -4.42 1013.0   7.34   80.2   0.73
1998-04-30 12:00:00    0.11  -6.53 1013.0   7.31   79.8   0.71
1998-04-30 18:00:00   -0.04  -7.40 1013.0   6.78   86.2   0.68
1998-05-01 00:00:00    0.04  -7.59 1013.0   6.99   86.3   0.66
1998-05-01 06:00:00    1.00  -6.88 1013.0   7.12   86.3   0.72
1998-05-01 12:00:00    1.48  -4.62 1013.0   7.35   81.2   0.77
1998-05-01 18:00:00    2.87  -2.98 1013.0   7.62   82.2   0.82
1998-05-02 00:00:00    4.27  -0.50 1013.0   8.02   85.7   0.88
1998-05-02 06:00:00    4.24  -5.78 1013.0   8.74   87.6   0.88
1998-05-02 12:00:00   -0.37 -10.08 1013.0   8.23   89.4   0.88
1998-05-02 18:00:00   -0.01 -11.08 1013.0   6.88   79.7   0.88
1998-05-03 00:00:00   -0.65  -9.20 1013.0   6.04   73.8   0.88
1998-05-03 06:00:00    1.31  -7.13 1013.0   6.43   74.6   0.84
1998-05-03 12:00:00    2.03  -3.41 1013.0   7.27   73.1   0.81
1998-05-03 18:00:00    5.46   0.13 1013.0   9.23   85.2   0.78
1998-05-04 00:00:00    6.95  -2.20 1013.0   8.50   91.2   0.75
1998-05-04 06:00:00    6.81   0.91 1013.0   8.33   89.9   0.78
1998-05-04 12:00:00    7.35   0.85 1013.0   8.64   86.3   0.81
1998-05-04 18:00:00    7.12  -0.36 1013.0   8.15   81.1   0.84
1998-05-05 00:00:00    6.53   2.22 1013.0   7.57   83.6   0.88
1998-05-05 06:00:00    5.89   0.51 1013.0   6.85   81.9   0.85
1998-05-05 12:00:00    4.32   1.54 1013.0   7.36   74.7   0.83
1998-05-05 18:00:00    1.82   2.51 1013.0   6.91   78.0   0.81
1998-05-06 00:00:00   -0.81   2.29 1013.0   6.80   81.0   0.79
1998-05-06 06:00:00   -0.04   1.77 1013.0   6.29   80.6   0.81
1998-05-06 12:00:00    1.13   3.29 1013.0   7.54   72.3   0.83
1998-05-06 18:00:00    2.89   2.93 1013.0   8.00   73.9   0.85
1998-05-07 00:00:00    5.83   2.84 1013.0   7.32   79.6   0.88
1998-05-07 06:00:00    3.47   4.15 1013.0   7.24   81.2   0.76
1998-05-07 12:00:00   -2.55   4.62 1013.0   8.38   82.8   0.64
1998-05-07 18:00:00    4.67   4.73 1013.0   9.03   86.2   0.53
1998-05-08 00:00:00    9.92   4.26 1013.0   8.17   83.8   0.41
1998-05-08 06:00:00    8.45   4.41 1013.0   7.87   82.6   0.53
1998-05-08 12:00:00    7.55   5.65 1013.0   8.26   82.0   0.64
1998-05-08 18:00:00    5.23   3.24 1013.0   9.04   84.6   0.76
1998-05-09 00:00:00    2.40   4.60 1013.0   8.76   91.4   0.88
1998-05-09 06:00:00    1.28   2.31 1013.0   8.90   93.1   0.88
1998-05-09 12:00:00   -3.07   0.88 1013.0   8.49   94.2   0.88
1998-05-09 18:00:00   -3.40   2.11 1013.0   8.58   96.7   0.88
1998-05-10 00:00:00    2.70   4.21 1013.0   9.25   95.2   0.88
1998-05-10 06:00:00   10.91  -0.30 1013.0   8.97   89.9   0.72
1998-05-10 12:00:00    6.33  -1.88 1013.0   8.28   80.6   0.56
1998-05-10 18:00:00    3.58   3.48 1013.0   9.01   78.7   0.41
1998-05-11 00:00:00    5.56   3.01 1013.0   8.62   86.0   0.25
1998-05-11 06:00:00    4.18   0.28 1013.0   8.43   87.0   0.33
1998-05-11 12:00:00    0.96  -0.46 1013.0   8.91   79.5   0.42
1998-05-11 18:00:00   -1.07  -0.93 1013.0   9.00   84.2   0.50
1998-05-12 00:00:00   -4.12  -0.61 1013.0   8.29   82.3   0.59
1998-05-12 06:00:00   -5.44  -0.56 1013.0   8.19   83.4   0.56
1998-05-12 12:00:00   -5.87   0.60 1013.0   8.34   81.7   0.54
1998-05-12 18:00:00   -4.79   3.42 1013.0   9.01   85.9   0.51
1998-05-13 00:00:00   -3.42   6.22 1013.0   9.64   87.2   0.49
1998-05-13 06:00:00   -3.61   8.14 1013.0  10.24   83.6   0.37
1998-05-13 12:00:00   -3.65   7.67 1013.0  10.09   85.5   0.24
1998-05-13 18:00:00   -4.00   9.28 1013.0   9.90   86.2   0.12
1998-05-14 00:00:00   -3.23   9.82 1013.0  10.15   86.9   0.00
1998-05-14 06:00:00   -3.26   9.87 1013.0  10.23   85.6   0.05
1998-05-14 12:00:00   -1.68   8.80 1013.0   9.98   85.1   0.10
1998-05-14 18:00:00   -0.99   7.13 1013.0   9.78   89.2   0.15
1998-05-15 00:00:00   -0.90   7.06 1013.0   9.22   93.0   0.20
1998-05-15 06:00:00    0.49   5.15 1013.0   9.04   93.5   0.37
1998-05-15 12:00:00    0.74   2.51 1013.0   9.25   93.1   0.54
1998-05-15 18:00:00    0.74   2.05 1013.0   9.31   95.4   0.71
1998-05-16 00:00:00    0.51   3.32 1013.0   8.98   96.7   0.88
1998-05-16 06:00:00    1.17   3.10 1013.0   8.92   95.9   0.87
1998-05-16 12:00:00    2.23  -0.39 1013.0   8.22   92.6   0.86
1998-05-16 18:00:00    1.52  -1.16 1013.0   9.23   92.5   0.85
1998-05-17 00:00:00    1.16  -0.06 1013.0   8.60   94.0   0.84
1998-05-17 06:00:00    0.48   1.61 1013.0   7.92   94.1   0.88
1998-05-17 12:00:00    1.17   2.80 1013.0   6.57   95.5   0.92
1998-05-17 18:00:00    1.12   2.31 1013.0   5.11   98.2   0.96
1998-05-18 00:00:00    2.43   1.78 1013.0   5.07   97.1   1.00
1998-05-18 06:00:00    3.02   1.04 1013.0   5.61   97.4   1.00
1998-05-18 12:00:00    5.07   2.26 1013.0   7.40   90.5   1.00
1998-05-18 18:00:00    7.24   1.25 1013.0  10.19   85.5   1.00
1998-05-19 00:00:00    8.44   0.95 1013.0  10.06   92.1   1.00
1998-05-19 06:00:00    8.39  -3.58 1013.0   9.28   85.1   0.97
1998-05-19 12:00:00    5.69  -4.49 1013.0   9.13   76.6   0.94
1998-05-19 18:00:00    4.04  -4.18 1013.0   8.42   75.4   0.91
1998-05-20 00:00:00    2.33  -4.89 1013.0   7.66   79.2   0.88
1998-05-20 06:00:00    2.29  -2.66 1013.0   7.80   72.9   0.88
1998-05-20 12:00:00    4.64   0.85 1013.0   8.49   72.2   0.88
1998-05-20 18:00:00    8.68  -3.98 1013.0   8.78   81.8   0.88
1998-05-21 00:00:00    6.84  -7.28 1013.0   8.25   79.8   0.88
1998-05-21 06:00:00    3.65  -9.66 1013.0   7.05   74.6   0.88
1998-05-21 12:00:00    1.97  -8.98 1013.0   7.07   71.1   0.88
1998-05-21 18:00:00    2.35  -8.08 1013.0   7.90   66.3   0.88
1998-05-22 00:00:00    2.96  -5.22 1013.0   7.50   71.7   0.88
1998-05-22 06:00:00    2.13  -0.64 1013.0   8.19   72.8   0.91
1998-05-22 12:00:00    3.23   1.94 1013.0  10.23   84.8   0.94
1998-05-22 18:00:00    5.34  -4.81 1013.0  10.25   91.6   0.97
1998-05-23 00:00:00    4.92  -4.34 1013.0   9.45   90.4   1.00
1998-05-23 06:00:00    5.44  -3.30 1013.0   9.30   77.9   0.98
1998-05-23 12:00:00    5.41  -2.48 1013.0  10.16   91.9   0.96
1998-05-23 18:00:00    6.07  -1.17 1013.0  10.18   93.0   0.93
1998-05-24 00:00:00    4.79  -4.28 1013.0   9.79   92.7   0.91
1998-05-24 06:00:00    4.15  -4.98 1013.0   9.41   89.9   0.92
1998-05-24 12:00:00    4.72  -3.18 1013.0   9.60   90.5   0.94
1998-05-24 18:00:00    4.40  -1.43 1013.0  10.32   90.6   0.95
1998-05-25 00:00:00    5.78  -2.60 1013.0   9.57   92.2   0.96
1998-05-25 06:00:00    2.58  -2.87 1013.0   9.13   88.4   0.96
1998-05-25 12:00:00   -1.53  -4.36 1013.0   8.52   81.3   0.96
1998-05-25 18:00:00   -4.12  -8.27 1013.0   8.94   74.7   0.96
1998-05-26 00:00:00   -4.71 -12.17 1013.0   8.34   75.2   0.96
1998-05-26 06:00:00   -3.64 -12.27 1013.0   8.21   79.1   0.90
1998-05-26 12:00:00   -3.91 -12.33 1013.0   8.57   77.2   0.84
1998-05-26 18:00:00   -3.26 -12.29 1013.0   9.04   80.0   0.78
1998-05-27 00:00:00   -5.37 -11.83 1013.0   9.00   82.2   0.71
1998-05-27 06:00:00   -6.19  -9.42 1013.0   9.39   81.6   0.66
1998-05-27 12:00:00   -4.70  -7.39 1013.0   9.50   82.2   0.61
1998-05-27 18:00:00   -4.09  -7.28 1013.0   9.47   86.6   0.55
1998-05-28 00:00:00   -3.27  -6.28 1013.0   9.02   87.0   0.50
1998-05-28 06:00:00   -3.13  -5.95 1013.0   9.04   84.1   0.52
1998-05-28 12:00:00   -2.37  -4.24 1013.0   9.66   78.7   0.54
1998-05-28 18:00:00   -2.89  -4.96 1013.0   9.63   80.8   0.56
1998-05-29 00:00:00   -3.35  -4.60 1013.0   9.27   88.2   0.57
1998-05-29 06:00:00   -3.23  -6.70 1013.0   9.41   83.7   0.65
1998-05-29 12:00:00   -3.37  -6.86 1013.0   9.24   79.3   0.72
1998-05-29 18:00:00   -3.06  -7.28 1013.0   9.41   79.5   0.80
1998-05-30 00:00:00   -2.61  -6.03 1013.0   9.55   85.6   0.88
1998-05-30 06:00:00   -3.09  -6.48 1013.0   9.57   84.1   0.88
1998-05-30 12:00:00   -2.14  -6.11 1013.0   9.67   83.6   0.89
1998-05-30 18:00:00   -2.10  -6.36 1013.0   9.51   83.3   0.90
1998-05-31 00:00:00   -2.85  -6.17 1013.0   9.06   83.3   0.91
1998-05-31 06:00:00   -3.75  -7.65 1013.0   8.88   80.7   0.90
1998-05-31 12:00:00   -5.51  -8.53 1013.0   8.60   76.7   0.89
1998-05-31 18:00:00   -5.51  -8.53 1013.0   8.60   76.7   0.88
1998-06-01 00:00:00   -4.54 -10.78 1013.0   8.33   76.7   0.88
1998-06-01 06:00:00   -3.89  -9.64 1013.0   8.73   75.5   0.91
1998-06-01 12:00:00   -5.25 -10.26 1013.0   8.79   72.3   0.94
1998-06-01 18:00:00   -3.67 -10.91 1013.0   8.64   74.4   0.97
1998-06-02 00:00:00   -3.29  -9.74 1013.0   8.36   77.8   1.00
1998-06-02 06:00:00   -3.18  -9.96 1013.0   7.89   75.0   0.97
1998-06-02 12:00:00   -3.18  -8.37 1013.0   7.82   69.5   0.94
1998-06-02 18:00:00   -3.84  -8.76 1013.0   8.53   71.4   0.91
1998-06-03 00:00:00   -3.88  -8.78 1013.0   7.93   76.9   0.88
1998-06-03 06:00:00   -3.48 -10.30 1013.0   8.02   79.7   0.88
1998-06-03 12:00:00   -1.03 -10.42 1013.0   8.18   75.5   0.88
1998-06-03 18:00:00    1.26 -10.58 1013.0   8.43   76.7   0.88
1998-06-04 00:00:00    3.07  -7.64 1013.0   7.92   74.2   0.88
1998-06-04 06:00:00    4.10  -5.68 1013.0   7.50   76.8   0.82
1998-06-04 12:00:00    4.36  -2.62 1013.0   8.12   70.2   0.77
1998-06-04 18:00:00    3.89  -1.19 1013.0   8.43   69.2   0.72
1998-06-05 00:00:00    1.84  -0.75 1013.0   7.78   74.3   0.66
1998-06-05 06:00:00    0.08  -0.21 1013.0   8.53   76.5   0.74
1998-06-05 12:00:00   -3.37   2.39 1013.0   9.66   73.3   0.81
1998-06-05 18:00:00   -2.70   3.54 1013.0  10.57   82.3   0.89
1998-06-06 00:00:00   -1.08   5.66 1013.0  10.31   90.3   0.96
1998-06-06 06:00:00   -2.17   6.31 1013.0  10.03   88.8   0.97
1998-06-06 12:00:00   -5.20   4.60 1013.0  10.29   83.9   0.98
1998-06-06 18:00:00   -5.87   2.38 1013.0  10.49   86.2   0.99
1998-06-07 00:00:00   -8.20  -1.95 1013.0  10.51   89.7   1.00
1998-06-07 06:00:00   -7.08  -1.66 1013.0  10.49   90.4   1.00
1998-06-07 12:00:00   -6.29  -3.09 1013.0  10.43   94.9   1.00
1998-06-07 18:00:00   -4.14  -3.74 1013.0  10.41   97.5   1.00
1998-06-08 00:00:00   -0.86  -5.69 1013.0  10.19   96.4   1.00
1998-06-08 06:00:00    2.01  -9.35 1013.0   9.42   92.0   1.00
1998-06-08 12:00:00    4.08  -8.39 1013.0   8.77   85.7   1.00
1998-06-08 18:00:00    2.78  -4.05 1013.0   8.47   81.6   1.00
1998-06-09 00:00:00   -2.05  -1.58 1013.0   8.11   84.1   1.00
1998-06-09 06:00:00   -4.13  -1.66 1013.0   8.92   84.0   0.98
1998-06-09 12:00:00   -5.79  -0.98 1013.0  10.05   82.7   0.96
1998-06-09 18:00:00   -8.18  -3.51 1013.0  10.21   93.2   0.93
1998-06-10 00:00:00   -4.43  -2.97 1013.0  10.22   95.0   0.91
1998-06-10 06:00:00   -0.72  -2.02 1013.0   9.91   89.0   0.91
1998-06-10 12:00:00    1.53  -6.03 1013.0   9.69   89.5   0.91
1998-06-10 18:00:00    6.43 -12.81 1013.0   9.18   89.3   0.91
1998-06-11 00:00:00    7.94 -13.75 1013.0   8.45   84.9   0.91
1998-06-11 06:00:00    7.30 -12.48 1013.0   8.49   81.5   0.90
1998-06-11 12:00:00    4.36  -9.60 1013.0   8.39   76.4   0.89
1998-06-11 18:00:00    4.51  -8.17 1013.0   8.35   77.3   0.88
1998-06-12 00:00:00    4.34  -5.99 1013.0   8.01   78.2   0.88
1998-06-12 06:00:00    4.67  -4.89 1013.0   7.99   82.4   0.83
1998-06-12 12:00:00    4.07  -3.57 1013.0   8.24   76.9   0.79
1998-06-12 18:00:00    3.45  -3.78 1013.0   8.74   71.4   0.74
1998-06-13 00:00:00    2.38  -2.24 1013.0   8.02   73.0   0.70
1998-06-13 06:00:00    1.35  -1.40 1013.0   7.71   69.2   0.73
1998-06-13 12:00:00    0.46   0.88 1013.0   8.35   60.8   0.77
1998-06-13 18:00:00    0.54   0.21 1013.0   8.74   69.1   0.80
1998-06-14 00:00:00    0.12   0.39 1013.0   8.28   76.5   0.84
1998-06-14 06:00:00   -0.74  -2.73 1013.0   8.27   79.0   0.81
1998-06-14 12:00:00   -3.27  -3.02 1013.0   8.46   74.2   0.78
1998-06-14 18:00:00   -3.31  -4.32 1013.0   9.44   71.8   0.74
1998-06-15 00:00:00   -5.07  -3.09 1013.0   9.29   82.7   0.71
1998-06-15 06:00:00   -4.94  -3.28 1013.0   9.07   80.9   0.63
1998-06-15 12:00:00   -3.89  -3.22 1013.0   9.40   74.7   0.54
1998-06-15 18:00:00   -2.60  -5.12 1013.0   9.62   78.3   0.46
1998-06-16 00:00:00   -1.10  -6.03 1013.0   9.50   83.0   0.38
1998-06-16 06:00:00    0.31  -7.54 1013.0   9.22   81.5   0.50
1998-06-16 12:00:00    2.48  -8.33 1013.0   9.66   75.7   0.62
1998-06-16 18:00:00    5.12  -8.45 1013.0  10.12   79.0   0.75
1998-06-17 00:00:00    5.14  -8.70 1013.0   9.43   86.1   0.88
1998-06-17 06:00:00    6.75  -8.58 1013.0   9.05   86.0   0.85
1998-06-17 12:00:00    7.01  -7.18 1013.0   9.20   80.7   0.83
1998-06-17 18:00:00    6.90  -6.24 1013.0   9.50   80.6   0.81
1998-06-18 00:00:00    6.24  -6.16 1013.0   8.94   82.6   0.79
1998-06-18 06:00:00    5.73  -5.13 1013.0   9.18   78.9   0.78
1998-06-18 12:00:00    6.13  -3.02 1013.0   9.56   73.2   0.77
1998-06-18 18:00:00    5.91  -3.13 1013.0   9.65   76.4   0.76
1998-06-19 00:00:00    5.73  -2.33 1013.0   8.68   79.9   0.75
1998-06-19 06:00:00    4.22  -0.89 1013.0   9.07   76.6   0.76
1998-06-19 12:00:00    1.37   2.07 1013.0   9.50   72.1   0.77
1998-06-19 18:00:00   -2.53   4.02 1013.0  10.89   82.5   0.78
1998-06-20 00:00:00   -4.16   6.56 1013.0  11.36   92.9   0.79
1998-06-20 06:00:00   -0.93   4.73 1013.0  11.36   97.4   0.81
1998-06-20 12:00:00   -0.71   1.75 1013.0  11.39   95.6   0.83
1998-06-20 18:00:00   -3.61   1.30 1013.0  10.66   98.5   0.85
1998-06-21 00:00:00   -4.91   2.39 1013.0   9.97   98.5   0.88
1998-06-21 06:00:00   -6.15   5.68 1013.0  11.55   98.6   0.77
1998-06-21 12:00:00   -4.89   9.54 1013.0  12.81   94.6   0.66
1998-06-21 18:00:00    5.60  -0.52 1013.0  11.29   95.8   0.56
1998-06-22 00:00:00    1.88   1.28 1013.0  10.67   95.9   0.45
1998-06-22 06:00:00   -0.00   3.38 1013.0  10.27   96.4   0.52
1998-06-22 12:00:00    1.81   3.69 1013.0  10.54   94.7   0.58
1998-06-22 18:00:00    2.78   2.08 1013.0  10.24   93.6   0.65
1998-06-23 00:00:00    0.59   0.44 1013.0   8.57   97.8   0.71
1998-06-23 06:00:00   -2.23   2.96 1013.0   9.03   95.7   0.75
1998-06-23 12:00:00   -5.30   4.10 1013.0   9.39   93.3   0.79
1998-06-23 18:00:00   -5.95   4.99 1013.0  10.88   91.4   0.83
1998-06-24 00:00:00   -6.43   5.20 1013.0  10.93   94.6   0.88
1998-06-24 06:00:00   -7.15   6.45 1013.0  11.58   94.0   0.88
1998-06-24 12:00:00   -6.71   7.31 1013.0  11.80   95.4   0.88
1998-06-24 18:00:00   -3.38   8.27 1013.0  12.38   96.4   0.88
1998-06-25 00:00:00   -1.53   4.93 1013.0  11.84   97.9   0.88
1998-06-25 06:00:00   -1.54   3.86 1013.0  11.64   99.1   0.79
1998-06-25 12:00:00   -2.97   4.92 1013.0  11.90   96.2   0.71
1998-06-25 18:00:00   -3.34   3.27 1013.0  11.45   96.4   0.62
1998-06-26 00:00:00   -1.22   3.31 1013.0  11.29   97.2   0.54
1998-06-26 06:00:00    0.06   7.57 1013.0  11.72   93.2   0.65
1998-06-26 12:00:00   -1.28   6.89 1013.0  11.93   90.4   0.77
1998-06-26 18:00:00   -3.11   6.07 1013.0  11.59   92.9   0.88
1998-06-27 00:00:00   -5.56   5.05 1013.0  11.45   93.8   1.00
1998-06-27 06:00:00   -6.62   4.38 1013.0  12.05   93.3   0.98
1998-06-27 12:00:00   -6.35   4.77 1013.0  12.19   94.1   0.96
1998-06-27 18:00:00   -6.30   2.45 1013.0  11.91   94.5   0.93
1998-06-28 00:00:00   -4.09   2.96 1013.0  11.90   95.9   0.91
1998-06-28 06:00:00   -2.00   2.86 1013.0  11.83   94.8   0.93
1998-06-28 12:00:00   -1.84   2.01 1013.0  11.93   92.0   0.96
1998-06-28 18:00:00   -1.14   1.54 1013.0  11.73   91.0   0.98
1998-06-29 00:00:00   -0.93  -0.08 1013.0  11.03   94.0   1.00
1998-06-29 06:00:00    0.36  -2.29 1013.0  11.34   93.7   0.95
1998-06-29 12:00:00    1.63  -1.82 1013.0  11.56   88.9   0.89
1998-06-29 18:00:00    2.39  -0.52 1013.0  11.46   89.1   0.84
1998-06-30 00:00:00   -0.70  -0.16 1013.0  11.07   89.0   0.79
1998-06-30 06:00:00   -3.78  -2.80 1013.0  10.68   87.0   0.78
1998-06-30 12:00:00   -1.39  -5.12 1013.0  11.35   84.8   0.77
1998-06-30 18:00:00    0.75  -5.67 1013.0  11.48   90.0   0.76
1998-07-01 00:00:00   -0.41  -6.65 1013.0  11.38   93.6   0.75
1998-07-01 06:00:00   -1.13  -7.91 1013.0  11.40   92.9   0.81
1998-07-01 12:00:00   -0.74  -9.13 1013.0  10.96   88.4   0.88
1998-07-01 18:00:00    0.56 -10.33 1013.0  10.91   85.9   0.94
1998-07-02 00:00:00   -0.24  -9.53 1013.0  10.28   80.7   1.00
1998-07-02 06:00:00    1.07  -9.76 1013.0  10.73   82.8   1.00
1998-07-02 12:00:00    3.59  -6.70 1013.0  10.81   84.9   1.00
1998-07-02 18:00:00    6.17  -5.47 1013.0  10.34   85.6   1.00
1998-07-03 00:00:00    7.60  -4.57 1013.0  11.56   81.9   1.00
1998-07-03 06:00:00    8.48  -4.37 1013.0  11.26   87.1   1.00
1998-07-03 12:00:00   10.20  -2.57 1013.0  12.22   87.6   1.00
1998-07-03 18:00:00    9.30  -4.01 1013.0  12.13   92.0   1.00
1998-07-04 00:00:00    9.09  -3.31 1013.0  12.09   90.1   1.00
1998-07-04 06:00:00   10.12  -5.17 1013.0  12.22   89.9   1.00
1998-07-04 12:00:00   11.53   0.05 1013.0  12.43   91.7   1.00
1998-07-04 18:00:00   12.32   0.03 1013.0  12.58   89.6   1.00
1998-07-05 00:00:00   10.29  -2.39 1013.0  12.22   91.7   1.00
1998-07-05 06:00:00    7.94  -3.77 1013.0  11.78   92.9   1.00
1998-07-05 12:00:00    6.27  -6.97 1013.0  11.03   85.2   1.00
1998-07-05 18:00:00    7.32  -6.88 1013.0  11.04   79.0   1.00
1998-07-06 00:00:00    6.05  -7.88 1013.0  10.51   84.0   1.00
1998-07-06 06:00:00    4.86  -9.72 1013.0  10.89   84.9   1.00
1998-07-06 12:00:00    5.08  -8.95 1013.0  10.41   76.8   1.00
1998-07-06 18:00:00    5.85  -8.42 1013.0  10.57   74.3   1.00
1998-07-07 00:00:00    6.18  -8.10 1013.0   9.64   79.0   1.00
1998-07-07 06:00:00    6.57  -9.43 1013.0  10.08   82.9   1.00
1998-07-07 12:00:00    5.37  -9.60 1013.0  10.34   83.2   1.00
1998-07-07 18:00:00    4.41  -8.69 1013.0  11.15   79.3   1.00
1998-07-08 00:00:00    4.21  -4.47 1013.0  10.31   86.4   1.00
1998-07-08 06:00:00    4.38   4.36 1013.0  12.15   88.0   0.97
1998-07-08 12:00:00    6.85   6.23 1013.0  12.55   93.3   0.94
1998-07-08 18:00:00    7.05   2.26 1013.0  12.59   93.1   0.91
1998-07-09 00:00:00    5.73  -2.22 1013.0  11.86   92.3   0.88
1998-07-09 06:00:00    7.88  -2.83 1013.0  11.26   83.0   0.88
1998-07-09 12:00:00    8.88  -0.73 1013.0  11.78   82.3   0.88
1998-07-09 18:00:00    8.07  -1.81 1013.0  11.79   79.9   0.88
1998-07-10 00:00:00    7.27  -0.29 1013.0  11.30   84.2   0.88
1998-07-10 06:00:00    4.35   1.26 1013.0  11.25   86.6   0.88
1998-07-10 12:00:00    1.16   3.62 1013.0  12.04   78.6   0.88
1998-07-10 18:00:00   -0.40   3.20 1013.0  12.37   90.9   0.88
1998-07-11 00:00:00   -1.19   3.22 1013.0  11.93   92.3   0.88
1998-07-11 06:00:00   -1.18   1.58 1013.0  12.07   93.5   0.91
1998-07-11 12:00:00   -2.15   0.65 1013.0  11.90   89.4   0.94
1998-07-11 18:00:00   -1.06  -0.76 1013.0  12.07   88.3   0.97
1998-07-12 00:00:00    0.07  -1.78 1013.0  11.50   87.9   1.00
1998-07-12 06:00:00   -1.48  -1.34 1013.0  11.29   86.7   0.97
1998-07-12 12:00:00   -1.99  -0.77 1013.0  11.44   80.6   0.94
1998-07-12 18:00:00   -1.83  -1.76 1013.0  11.00   80.9   0.91
1998-07-13 00:00:00   -1.43  -3.64 1013.0  10.28   90.5   0.88
1998-07-13 06:00:00   -0.78  -6.23 1013.0  10.94   90.2   0.91
1998-07-13 12:00:00   -0.51 -10.57 1013.0  11.56   92.6   0.94
1998-07-13 18:00:00   -0.14 -10.85 1013.0  12.29   93.5   0.97
1998-07-14 00:00:00    0.75 -12.12 1013.0  11.94   92.9   1.00
1998-07-14 06:00:00    6.13 -12.28 1013.0  10.76   88.5   0.97
1998-07-14 12:00:00    7.80  -9.60 1013.0  10.24   84.2   0.94
1998-07-14 18:00:00   10.14  -7.69 1013.0  10.59   83.5   0.91
1998-07-15 00:00:00    9.88  -7.59 1013.0  10.31   82.9   0.88
1998-07-15 06:00:00    9.31  -6.31 1013.0  10.35   80.3   0.85
1998-07-15 12:00:00    8.37  -3.50 1013.0  11.22   76.7   0.83
1998-07-15 18:00:00    6.54  -1.07 1013.0  12.06   79.2   0.81
1998-07-16 00:00:00    5.62   2.65 1013.0  11.84   87.6   0.79
1998-07-16 06:00:00    4.22   0.61 1013.0  11.94   87.2   0.81
1998-07-16 12:00:00    4.60   0.05 1013.0  11.95   84.7   0.83
1998-07-16 18:00:00    3.14   1.02 1013.0  12.17   80.4   0.85
1998-07-17 00:00:00    0.37   3.88 1013.0  11.18   89.9   0.88
1998-07-17 06:00:00   -3.84   6.70 1013.0  12.07   89.0   0.88
1998-07-17 12:00:00   -5.80   5.77 1013.0  12.60   86.4   0.89
1998-07-17 18:00:00   -3.65   2.10 1013.0  12.61   93.3   0.90
1998-07-18 00:00:00   -1.90  -1.36 1013.0  12.33   94.3   0.91
1998-07-18 06:00:00   -3.19  -0.83 1013.0  11.91   91.1   0.88
1998-07-18 12:00:00   -2.18  -1.06 1013.0  11.98   88.0   0.85
1998-07-18 18:00:00   -1.81  -5.53 1013.0  12.35   87.2   0.82
1998-07-19 00:00:00    0.82  -5.61 1013.0  11.86   91.9   0.79
1998-07-19 06:00:00    2.56  -4.62 1013.0  11.60   91.1   0.84
1998-07-19 12:00:00    1.60  -3.66 1013.0  11.83   83.2   0.89
1998-07-19 18:00:00    0.76  -0.87 1013.0  11.65   82.7   0.95
1998-07-20 00:00:00   -2.68   1.82 1013.0  10.88   86.4   1.00
1998-07-20 06:00:00   -7.19   5.10 1013.0  11.88   85.4   0.97
1998-07-20 12:00:00   -5.39   6.45 1013.0  12.93   91.6   0.94
1998-07-20 18:00:00   -3.38   6.89 1013.0  13.08   96.2   0.91
1998-07-21 00:00:00   -2.32   6.93 1013.0  13.32   95.8   0.88
1998-07-21 06:00:00   -3.14   5.32 1013.0  13.03   96.3   0.88
1998-07-21 12:00:00   -4.99   8.05 1013.0  13.26   94.7   0.88
1998-07-21 18:00:00    0.04   7.68 1013.0  12.82   95.7   0.88
1998-07-22 00:00:00   -0.39   9.68 1013.0  12.90   94.6   0.88
1998-07-22 06:00:00    1.16   6.91 1013.0  12.84   95.6   0.88
1998-07-22 12:00:00    4.67   6.12 1013.0  12.91   91.7   0.88
1998-07-22 18:00:00    3.22   7.76 1013.0  13.30   88.7   0.88
1998-07-23 00:00:00    0.29   8.70 1013.0  12.75   92.2   0.88
1998-07-23 06:00:00   -4.23   7.36 1013.0  12.74   93.7   0.91
1998-07-23 12:00:00   -2.69   5.72 1013.0  12.73   95.0   0.94
1998-07-23 18:00:00    3.28  -1.35 1013.0  12.08   96.9   0.97
1998-07-24 00:00:00    6.42  -4.61 1013.0  11.55   91.5   1.00
1998-07-24 06:00:00    8.09  -3.62 1013.0  11.46   90.3   0.97
1998-07-24 12:00:00    7.60  -1.43 1013.0  11.75   87.0   0.94
1998-07-24 18:00:00    7.85  -2.10 1013.0  11.82   85.6   0.91
1998-07-25 00:00:00    8.40  -2.23 1013.0  11.65   88.8   0.88
1998-07-25 06:00:00    9.80  -3.81 1013.0  11.47   88.2   0.87
1998-07-25 12:00:00    8.69  -1.68 1013.0  12.05   85.3   0.86
1998-07-25 18:00:00    6.60   0.16 1013.0  12.07   87.9   0.85
1998-07-26 00:00:00    3.35   2.61 1013.0  11.72   90.2   0.84
1998-07-26 06:00:00    0.06   4.45 1013.0  12.19   93.7   0.86
1998-07-26 12:00:00   -1.69   6.34 1013.0  12.50   88.6   0.88
1998-07-26 18:00:00   -2.39   5.59 1013.0  12.64   92.0   0.89
1998-07-27 00:00:00   -3.37   4.62 1013.0  12.39   96.3   0.91
1998-07-27 06:00:00   -4.58   4.51 1013.0  12.50   94.7   0.93
1998-07-27 12:00:00   -4.15   4.85 1013.0  12.77   94.6   0.96
1998-07-27 18:00:00   -4.26   4.84 1013.0  12.75   93.8   0.98
1998-07-28 00:00:00   -3.75   4.23 1013.0  12.54   93.3   1.00
1998-07-28 06:00:00   -4.45   3.96 1013.0  12.32   94.6   1.00
1998-07-28 12:00:00   -4.18   3.80 1013.0  12.22   94.2   1.00
1998-07-28 18:00:00   -4.46   2.92 1013.0  12.20   94.9   1.00
1998-07-29 00:00:00   -4.38   2.58 1013.0  11.84   94.2   1.00
1998-07-29 06:00:00   -4.96   2.95 1013.0  11.68   95.2   0.99
1998-07-29 12:00:00   -5.19   1.37 1013.0  11.81   93.7   0.98
1998-07-29 18:00:00   -5.37  -1.28 1013.0  12.29   95.6   0.97
1998-07-30 00:00:00   -3.47  -3.24 1013.0  11.92   93.7   0.96
1998-07-30 06:00:00   -2.62  -6.70 1013.0  12.40   93.8   0.95
1998-07-30 12:00:00   -1.31  -6.45 1013.0  12.67   94.5   0.94
1998-07-30 18:00:00   -0.42  -7.19 1013.0  12.49   95.5   0.92
1998-07-31 00:00:00    0.56  -8.07 1013.0  11.83   94.6   0.91
1998-07-31 06:00:00    1.82  -8.38 1013.0  12.18   94.0   0.93
1998-07-31 12:00:00    2.93  -7.59 1013.0  12.53   92.1   0.96
1998-07-31 18:00:00    2.93  -7.59 1013.0  12.53   92.1   0.98
1998-08-01 00:00:00    4.12  -8.23 1013.0  11.82   90.9   1.00
1998-08-01 06:00:00    3.67  -8.93 1013.0  11.46   88.0   1.00
1998-08-01 12:00:00    3.57  -7.85 1013.0  11.66   84.3   1.00
1998-08-01 18:00:00    3.23  -7.71 1013.0  11.38   83.0   1.00
1998-08-02 00:00:00    2.78  -5.19 1013.0  10.64   84.1   1.00
1998-08-02 06:00:00    1.48  -2.86 1013.0  10.86   81.9   1.00
1998-08-02 12:00:00    1.40   3.31 1013.0  10.68   78.9   1.00
1998-08-02 18:00:00    1.58   6.93 1013.0  11.37   80.9   1.00
1998-08-03 00:00:00   -0.34  11.05 1013.0  13.04   85.3   1.00
1998-08-03 06:00:00   -1.28  14.05 1013.0  13.43   90.5   0.97
1998-08-03 12:00:00   -0.64  14.27 1013.0  13.44   87.5   0.94
1998-08-03 18:00:00    9.45  -1.51 1013.0  12.60   92.0   0.91
1998-08-04 00:00:00    9.22   1.40 1013.0  12.27   88.5   0.88
1998-08-04 06:00:00    9.13   2.26 1013.0  13.01   89.9   0.91
1998-08-04 12:00:00   10.16   1.36 1013.0  12.80   89.2   0.94
1998-08-04 18:00:00   11.14   2.11 1013.0  13.23   88.1   0.97
1998-08-05 00:00:00   11.50   1.52 1013.0  12.70   88.5   1.00
1998-08-05 06:00:00   12.16  -4.45 1013.0  13.02   89.3   1.00
1998-08-05 12:00:00    9.33  -1.68 1013.0  13.02   86.8   1.00
1998-08-05 18:00:00    9.18   1.05 1013.0  13.13   89.7   1.00
1998-08-06 00:00:00    6.57   4.85 1013.0  13.30   90.4   1.00
1998-08-06 06:00:00    2.10   6.43 1013.0  13.19   95.4   0.97
1998-08-06 12:00:00    6.47   0.11 1013.0  13.17   94.6   0.94
1998-08-06 18:00:00    8.09  -0.31 1013.0  12.97   90.6   0.91
1998-08-07 00:00:00    9.15  -0.56 1013.0  12.69   89.7   0.88
1998-08-07 06:00:00    8.69   0.96 1013.0  12.24   86.7   0.88
1998-08-07 12:00:00    6.95   0.26 1013.0  13.08   84.8   0.88
1998-08-07 18:00:00    4.58   2.08 1013.0  12.84   89.7   0.88
1998-08-08 00:00:00    2.86   3.73 1013.0  12.38   91.4   0.88
1998-08-08 06:00:00    0.54   0.92 1013.0  12.52   92.3   0.88
1998-08-08 12:00:00    1.73  -2.95 1013.0  12.65   85.2   0.88
1998-08-08 18:00:00    3.47  -3.37 1013.0  12.85   86.2   0.88
1998-08-09 00:00:00    0.49  -2.27 1013.0  12.31   87.9   0.88
1998-08-09 06:00:00   -1.84   1.38 1013.0  12.13   90.9   0.91
1998-08-09 12:00:00   -1.82   5.25 1013.0  12.79   82.5   0.94
1998-08-09 18:00:00   -1.85   7.21 1013.0  12.66   85.6   0.97
1998-08-10 00:00:00   -2.11   7.24 1013.0  12.76   89.1   1.00
1998-08-10 06:00:00   -2.57   8.14 1013.0  13.03   92.2   0.98
1998-08-10 12:00:00   -3.03   8.46 1013.0  13.22   91.3   0.96
1998-08-10 18:00:00   -2.75   8.18 1013.0  13.05   93.8   0.93
1998-08-11 00:00:00   -1.99   7.47 1013.0  13.03   94.5   0.91
1998-08-11 06:00:00   -2.53   7.48 1013.0  12.97   94.8   0.91
1998-08-11 12:00:00   -2.80   5.45 1013.0  12.69   94.8   0.91
1998-08-11 18:00:00   -2.54   5.05 1013.0  13.22   95.8   0.91
1998-08-12 00:00:00   -2.57   5.29 1013.0  13.19   96.0   0.91
1998-08-12 06:00:00   -3.08   4.79 1013.0  12.54   95.5   0.91
1998-08-12 12:00:00   -2.49   5.44 1013.0  12.95   95.0   0.91
1998-08-12 18:00:00   -1.61   4.27 1013.0  13.26   96.3   0.91
1998-08-13 00:00:00   -0.13  -0.08 1013.0  12.90   97.0   0.91
1998-08-13 06:00:00    2.68  -2.84 1013.0  12.96   96.2   0.92
1998-08-13 12:00:00    6.28  -2.13 1013.0  12.92   91.0   0.94
1998-08-13 18:00:00    2.64   4.31 1013.0  12.57   92.8   0.95
1998-08-14 00:00:00    2.55   6.06 1013.0  13.56   93.8   0.96
1998-08-14 06:00:00    2.10   7.12 1013.0  13.65   96.5   0.92
1998-08-14 12:00:00    4.70   2.03 1013.0  13.40   92.0   0.88
1998-08-14 18:00:00   -0.11   5.17 1013.0  13.52   93.1   0.83
1998-08-15 00:00:00    4.53   5.67 1013.0  13.47   89.6   0.79
1998-08-15 06:00:00    7.42   6.55 1013.0  12.73   87.1   0.81
1998-08-15 12:00:00    9.61   4.91 1013.0  12.99   83.6   0.83
1998-08-15 18:00:00    9.36   2.83 1013.0  13.15   84.9   0.85
1998-08-16 00:00:00    9.31   3.61 1013.0  12.79   86.9   0.88
1998-08-16 06:00:00    8.57   1.19 1013.0  12.58   83.5   0.91
1998-08-16 12:00:00    3.69   5.88 1013.0  12.43   83.2   0.94
1998-08-16 18:00:00   -0.68   8.79 1013.0  13.27   90.1   0.97
1998-08-17 00:00:00    3.63   7.16 1013.0  14.01   93.8   1.00
1998-08-17 06:00:00    4.31   6.15 1013.0  13.74   93.9   0.99
1998-08-17 12:00:00   10.04   4.82 1013.0  13.58   89.8   0.98
1998-08-17 18:00:00   11.57  -5.93 1013.0  12.33   87.8   0.97
1998-08-18 00:00:00    8.31  -7.19 1013.0  10.71   79.2   0.96
1998-08-18 06:00:00    7.79  -0.98 1013.0  11.35   80.1   0.97
1998-08-18 12:00:00   10.33  -0.67 1013.0  12.64   80.0   0.98
1998-08-18 18:00:00    6.50  -1.04 1013.0  12.52   87.6   0.99
1998-08-19 00:00:00    5.81  -1.04 1013.0  12.54   89.4   1.00
1998-08-19 06:00:00    5.13   2.54 1013.0  12.85   92.1   0.98
1998-08-19 12:00:00    2.51   7.13 1013.0  12.64   91.9   0.96
1998-08-19 18:00:00    3.51   6.45 1013.0  13.49   90.2   0.93
1998-08-20 00:00:00    5.97   5.43 1013.0  13.44   89.9   0.91
1998-08-20 06:00:00    7.37   6.15 1013.0  13.08   89.2   0.93
1998-08-20 12:00:00    5.72   6.64 1013.0  13.03   88.6   0.96
1998-08-20 18:00:00    7.45   1.44 1013.0  12.64   89.3   0.98
1998-08-21 00:00:00    8.01  -1.85 1013.0  12.37   89.2   1.00
1998-08-21 06:00:00    5.83  -4.94 1013.0  11.86   86.8   1.00
1998-08-21 12:00:00    4.56  -7.13 1013.0  12.70   83.7   1.00
1998-08-21 18:00:00    5.78 -10.05 1013.0  12.52   86.3   1.00
1998-08-22 00:00:00    6.83  -9.01 1013.0  11.60   86.2   1.00
1998-08-22 06:00:00    6.72  -8.14 1013.0  11.23   80.9   0.97
1998-08-22 12:00:00    7.72  -6.16 1013.0  10.64   77.3   0.94
1998-08-22 18:00:00    6.37  -5.49 1013.0  10.96   79.5   0.91
1998-08-23 00:00:00    5.26  -7.99 1013.0  11.60   79.7   0.88
1998-08-23 06:00:00    4.83  -6.90 1013.0  11.21   86.1   0.88
1998-08-23 12:00:00    2.73  -3.90 1013.0  10.80   75.3   0.88
1998-08-23 18:00:00    1.26  -4.02 1013.0  10.40   75.6   0.88
1998-08-24 00:00:00    2.75  -7.12 1013.0  10.57   81.1   0.88
1998-08-24 06:00:00    3.71  -9.57 1013.0  11.51   85.0   0.90
1998-08-24 12:00:00    2.62  -8.32 1013.0  11.56   83.2   0.92
1998-08-24 18:00:00    6.47  -7.35 1013.0  11.55   81.4   0.94
1998-08-25 00:00:00    7.05  -6.96 1013.0  10.24   78.1   0.96
1998-08-25 06:00:00    4.82  -7.67 1013.0  10.28   79.9   0.97
1998-08-25 12:00:00    4.04  -7.19 1013.0  10.13   72.5   0.98
1998-08-25 18:00:00    2.94  -6.88 1013.0   9.97   74.7   0.99
1998-08-26 00:00:00    3.28  -5.57 1013.0   9.64   82.0   1.00
1998-08-26 06:00:00    3.68  -7.13 1013.0   9.97   77.3   0.97
1998-08-26 12:00:00    3.71  -8.35 1013.0  10.11   75.0   0.94
1998-08-26 18:00:00    3.53  -9.60 1013.0  10.07   78.5   0.91
1998-08-27 00:00:00    2.30  -8.10 1013.0  10.07   76.1   0.88
1998-08-27 06:00:00    1.95  -8.56 1013.0  10.53   74.1   0.88
1998-08-27 12:00:00    3.05  -9.00 1013.0  11.42   69.7   0.88
1998-08-27 18:00:00    3.02  -8.79 1013.0  11.14   75.5   0.88
1998-08-28 00:00:00    3.07  -8.15 1013.0  10.45   71.2   0.88
1998-08-28 06:00:00    1.72  -6.96 1013.0  10.53   75.2   0.88
1998-08-28 12:00:00    1.98  -4.61 1013.0  11.19   71.7   0.88
1998-08-28 18:00:00    1.54  -2.35 1013.0  11.51   80.4   0.88
1998-08-29 00:00:00   -0.75  -1.38 1013.0  11.56   83.3   0.88
1998-08-29 06:00:00   -1.15  -2.07 1013.0  11.71   83.4   0.88
1998-08-29 12:00:00    0.05  -1.45 1013.0  11.87   76.4   0.88
1998-08-29 18:00:00    0.59  -2.32 1013.0  12.33   80.4   0.88
1998-08-30 00:00:00   -0.36  -1.72 1013.0  12.08   84.8   0.88
1998-08-30 06:00:00    0.16  -2.36 1013.0  12.01   90.0   0.88
1998-08-30 12:00:00   -0.83  -0.28 1013.0  12.13   86.1   0.88
1998-08-30 18:00:00   -1.20   0.23 1013.0  12.59   89.9   0.88
1998-08-31 00:00:00   -2.66   1.66 1013.0  12.27   88.4   0.88
1998-08-31 06:00:00   -2.97   3.32 1013.0  12.44   86.2   0.83
1998-08-31 12:00:00   -2.98   4.64 1013.0  12.39   83.0   0.79
1998-08-31 18:00:00   -2.98   4.64 1013.0  12.39   83.0   0.75
1998-09-01 00:00:00   -5.66   7.29 1013.0  12.75   86.3   0.71
1998-09-01 06:00:00   -6.89   7.75 1013.0  12.86   89.0   0.78
1998-09-01 12:00:00   -8.61   8.61 1013.0  12.49   88.6   0.84
1998-09-01 18:00:00   -8.83   7.54 1013.0  12.66   88.5   0.90
1998-09-02 00:00:00  -10.53   7.59 1013.0  12.99   88.6   0.96
1998-09-02 06:00:00  -11.35   8.42 1013.0  12.86   89.4   0.94
1998-09-02 12:00:00   -8.45   9.66 1013.0  12.79   86.0   0.92
1998-09-02 18:00:00   -8.24   7.62 1013.0  12.93   90.4   0.90
1998-09-03 00:00:00   -8.02   6.52 1013.0  13.15   88.0   0.88
1998-09-03 06:00:00   -8.76   5.26 1013.0  12.67   88.2   0.91
1998-09-03 12:00:00   -7.37   7.00 1013.0  12.61   86.9   0.94
1998-09-03 18:00:00   -5.85   5.28 1013.0  12.78   86.7   0.97
1998-09-04 00:00:00   -8.47   2.18 1013.0  12.95   87.6   1.00
1998-09-04 06:00:00  -10.04   2.52 1013.0  13.47   85.2   0.98
1998-09-04 12:00:00  -10.01   6.17 1013.0  13.79   82.1   0.96
1998-09-04 18:00:00   -8.92   6.22 1013.0  13.69   91.1   0.93
1998-09-05 00:00:00   -5.17   8.03 1013.0  13.16   91.6   0.91
1998-09-05 06:00:00   -2.47   6.88 1013.0  12.82   92.6   0.91
1998-09-05 12:00:00   -2.32   5.05 1013.0  12.59   91.4   0.91
1998-09-05 18:00:00   -2.21   4.61 1013.0  12.88   96.1   0.91
1998-09-06 00:00:00   -2.50   4.07 1013.0  12.50   96.4   0.91
1998-09-06 06:00:00   -2.93   4.08 1013.0  13.11   96.9   0.93
1998-09-06 12:00:00   -3.49   5.44 1013.0  13.19   95.7   0.96
1998-09-06 18:00:00   -3.79   6.20 1013.0  12.80   92.0   0.98
1998-09-07 00:00:00   -3.59   6.97 1013.0  12.87   92.8   1.00
1998-09-07 06:00:00   -4.39   6.64 1013.0  12.63   92.7   1.00
1998-09-07 12:00:00   -3.80   7.15 1013.0  13.34   88.8   1.00
1998-09-07 18:00:00   -6.28   7.65 1013.0  13.43   94.0   1.00
1998-09-08 00:00:00   -5.90   8.88 1013.0  13.50   94.1   1.00
1998-09-08 06:00:00   -7.41   8.72 1013.0  13.78   93.7   1.00
1998-09-08 12:00:00   -7.38  11.70 1013.0  13.86   91.9   1.00
1998-09-08 18:00:00   -3.98  11.33 1013.0  13.61   94.0   1.00
1998-09-09 00:00:00   -2.59   8.49 1013.0  13.25   95.8   1.00
1998-09-09 06:00:00   -2.62   7.52 1013.0  13.03   95.5   1.00
1998-09-09 12:00:00   -4.07   6.55 1013.0  13.17   95.5   1.00
1998-09-09 18:00:00   -3.28   4.91 1013.0  13.12   95.8   1.00
1998-09-10 00:00:00   -0.30   2.59 1013.0  12.84   98.1   1.00
1998-09-10 06:00:00    2.00   1.62 1013.0  13.01   96.8   1.00
1998-09-10 12:00:00    2.97   1.77 1013.0  13.00   95.7   1.00
1998-09-10 18:00:00    3.83  -0.14 1013.0  12.77   96.6   1.00
1998-09-11 00:00:00    4.61  -0.03 1013.0  12.59   95.6   1.00
1998-09-11 06:00:00    5.93  -1.29 1013.0  12.13   93.2   0.97
1998-09-11 12:00:00    7.30   0.03 1013.0  11.73   87.8   0.94
1998-09-11 18:00:00    8.88  -3.02 1013.0  11.13   80.6   0.91
1998-09-12 00:00:00    5.39  -2.24 1013.0  10.26   77.4   0.88
1998-09-12 06:00:00    1.37  -4.12 1013.0  10.18   75.2   0.88
1998-09-12 12:00:00   -0.33  -5.67 1013.0  11.03   71.4   0.88
1998-09-12 18:00:00    1.29  -8.65 1013.0  11.46   77.6   0.88
1998-09-13 00:00:00    2.88  -9.09 1013.0  11.19   84.7   0.88
1998-09-13 06:00:00    2.63  -8.76 1013.0  12.58   84.4   0.91
1998-09-13 12:00:00    2.52  -8.57 1013.0  12.47   91.5   0.94
1998-09-13 18:00:00    3.12  -9.56 1013.0  12.48   92.1   0.97
1998-09-14 00:00:00    3.51 -10.40 1013.0  12.46   89.4   1.00
1998-09-14 06:00:00    1.35 -11.77 1013.0  12.92   84.4   0.97
1998-09-14 12:00:00    3.62 -11.03 1013.0  12.42   90.7   0.94
1998-09-14 18:00:00    5.19  -9.54 1013.0  12.23   91.5   0.91
1998-09-15 00:00:00    7.65  -7.14 1013.0  11.84   91.1   0.88
1998-09-15 06:00:00    9.62  -3.86 1013.0  11.73   89.1   0.88
1998-09-15 12:00:00   11.20   0.65 1013.0  11.48   84.9   0.88
1998-09-15 18:00:00   10.51   2.37 1013.0  11.37   84.1   0.88
1998-09-16 00:00:00    6.29   6.64 1013.0  10.93   82.9   0.88
1998-09-16 06:00:00   -4.47  -1.01 1013.0  11.37   84.5   0.88
1998-09-16 12:00:00   -4.45  -9.66 1013.0  11.85   83.5   0.88
1998-09-16 18:00:00    0.82 -12.42 1013.0  12.32   87.5   0.88
1998-09-17 00:00:00    1.45 -12.55 1013.0  11.30   83.9   0.88
1998-09-17 06:00:00    1.64 -10.90 1013.0  10.83   79.4   0.88
1998-09-17 12:00:00    1.19  -8.22 1013.0  11.03   72.2   0.89
1998-09-17 18:00:00   -0.49  -5.40 1013.0  10.66   73.9   0.90
1998-09-18 00:00:00   -2.11  -0.02 1013.0   9.85   74.2   0.91
1998-09-18 06:00:00   -1.91   7.00 1013.0  11.15   75.6   0.82
1998-09-18 12:00:00    1.05   7.25 1013.0  13.05   86.3   0.72
1998-09-18 18:00:00    4.11   1.61 1013.0  12.88   94.5   0.63
1998-09-19 00:00:00    6.73   3.26 1013.0  13.29   90.8   0.54
1998-09-19 06:00:00    4.78   4.36 1013.0  13.02   93.3   0.63
1998-09-19 12:00:00    3.57   4.75 1013.0  13.22   87.4   0.72
1998-09-19 18:00:00    0.93   5.24 1013.0  12.96   94.2   0.82
1998-09-20 00:00:00    1.59   7.52 1013.0  13.33   93.7   0.91
1998-09-20 06:00:00    2.47   7.14 1013.0  13.30   94.0   0.73
1998-09-20 12:00:00    2.39   7.73 1013.0  13.39   90.6   0.56
1998-09-20 18:00:00    2.65   7.06 1013.0  13.58   93.0   0.38
1998-09-21 00:00:00    4.97   4.84 1013.0  13.86   90.8   0.20
1998-09-21 06:00:00    3.73   3.94 1013.0  13.47   91.9   0.25
1998-09-21 12:00:00    3.04   4.37 1013.0  13.35   89.1   0.31
1998-09-21 18:00:00    2.99   1.63 1013.0  13.00   93.9   0.36
1998-09-22 00:00:00    2.31   2.46 1013.0  12.59   96.2   0.41
1998-09-22 06:00:00    1.82   3.28 1013.0  11.96   96.1   0.56
1998-09-22 12:00:00    1.65   1.48 1013.0  11.28   94.9   0.71
1998-09-22 18:00:00    0.54   0.91 1013.0  11.04   94.7   0.85
1998-09-23 00:00:00   -1.10   3.64 1013.0  10.49   93.4   1.00
1998-09-23 06:00:00    0.27   5.98 1013.0  10.16   93.0   0.97
1998-09-23 12:00:00    1.21   6.30 1013.0  11.44   90.3   0.94
1998-09-23 18:00:00    0.08   4.66 1013.0  11.45   94.4   0.91
1998-09-24 00:00:00   -1.09   4.57 1013.0  11.27   88.6   0.88
1998-09-24 06:00:00    0.11   3.88 1013.0  11.58   86.4   0.90
1998-09-24 12:00:00   -1.31   2.71 1013.0  11.33   82.8   0.92
1998-09-24 18:00:00   -3.17   0.48 1013.0  11.08   82.8   0.94
1998-09-25 00:00:00   -4.70   0.30 1013.0  11.36   85.0   0.96
1998-09-25 06:00:00   -4.72  -1.94 1013.0  11.27   84.7   0.97
1998-09-25 12:00:00   -4.63  -1.22 1013.0  10.95   81.2   0.98
1998-09-25 18:00:00   -5.05  -1.21 1013.0  11.37   84.2   0.99
1998-09-26 00:00:00   -4.48  -1.44 1013.0  11.76   85.2   1.00
1998-09-26 06:00:00   -5.23  -3.04 1013.0  11.97   91.9   1.00
1998-09-26 12:00:00   -6.01  -0.49 1013.0  12.28   89.2   1.00
1998-09-26 18:00:00   -5.86  -1.34 1013.0  12.28   91.3   1.00
1998-09-27 00:00:00   -4.89   1.25 1013.0  12.38   90.5   1.00
1998-09-27 06:00:00   -3.98   1.50 1013.0  12.59   91.8   1.00
1998-09-27 12:00:00   -3.74   3.55 1013.0  12.47   90.0   1.00
1998-09-27 18:00:00   -4.63   2.65 1013.0  12.17   91.3   1.00
1998-09-28 00:00:00   -5.45   1.10 1013.0  12.00   88.7   1.00
1998-09-28 06:00:00   -6.10  -0.14 1013.0  12.06   87.9   1.00
1998-09-28 12:00:00   -5.64   0.59 1013.0  11.97   85.9   1.00
1998-09-28 18:00:00   -4.74   2.16 1013.0  11.57   87.0   1.00
1998-09-29 00:00:00   -5.55   1.03 1013.0  11.85   88.6   1.00
1998-09-29 06:00:00   -5.40   0.26 1013.0  12.90   92.1   0.97
1998-09-29 12:00:00   -3.51   2.94 1013.0  13.13   95.8   0.94
1998-09-29 18:00:00   -5.26   6.55 1013.0  13.12   92.9   0.91
1998-09-30 00:00:00   -6.28   6.63 1013.0  13.14   91.5   0.88
1998-09-30 06:00:00   -9.07   7.69 1013.0  13.39   90.2   0.88
1998-09-30 12:00:00   -8.39   8.12 1013.0  12.54   87.1   0.88
1998-09-30 18:00:00   -8.87   5.96 1013.0  12.50   83.7   0.88
1998-10-01 00:00:00   -8.37   6.14 1013.0  12.05   80.6   0.88
1998-10-01 06:00:00   -9.15   5.67 1013.0  11.64   77.4   0.88
1998-10-01 12:00:00   -7.99   6.55 1013.0  11.02   74.8   0.88
1998-10-01 18:00:00   -6.94   5.52 1013.0  11.20   76.0   0.88
1998-10-02 00:00:00   -6.66   6.87 1013.0  11.07   76.1   0.88
1998-10-02 06:00:00   -5.77   6.55 1013.0  11.28   77.0   0.88
1998-10-02 12:00:00   -4.41   6.88 1013.0  10.84   76.1   0.88
1998-10-02 18:00:00   -2.86   6.53 1013.0  11.05   73.6   0.88
1998-10-03 00:00:00   -2.34   6.92 1013.0  10.80   72.8   0.88
1998-10-03 06:00:00   -2.36   7.10 1013.0  10.99   75.5   0.88
1998-10-03 12:00:00   -3.26   6.48 1013.0  10.85   74.9   0.88
1998-10-03 18:00:00   -5.06   5.00 1013.0  10.95   76.6   0.88
1998-10-04 00:00:00   -5.09   2.61 1013.0   9.97   75.3   0.88
1998-10-04 06:00:00   -5.01  -1.75 1013.0   9.29   73.7   0.74
1998-10-04 12:00:00   -5.26  -3.06 1013.0   9.74   71.8   0.60
1998-10-04 18:00:00   -5.67  -2.71 1013.0   9.94   75.1   0.46
1998-10-05 00:00:00   -3.81  -2.73 1013.0  10.11   73.9   0.32
1998-10-05 06:00:00   -3.39  -1.45 1013.0  10.56   70.9   0.44
1998-10-05 12:00:00   -2.92  -1.44 1013.0  10.78   69.9   0.56
1998-10-05 18:00:00   -1.27   0.07 1013.0  10.48   75.6   0.67
1998-10-06 00:00:00    1.22   0.89 1013.0  10.19   81.7   0.79
1998-10-06 06:00:00    0.14   0.97 1013.0  10.05   81.3   0.81
1998-10-06 12:00:00   -1.10   2.56 1013.0   9.85   71.4   0.83
1998-10-06 18:00:00   -2.34   2.58 1013.0   9.92   69.1   0.85
1998-10-07 00:00:00   -3.78   3.34 1013.0  10.85   71.6   0.88
1998-10-07 06:00:00   -3.58   3.75 1013.0  11.06   75.8   0.85
1998-10-07 12:00:00   -1.98   4.89 1013.0  10.89   75.0   0.83
1998-10-07 18:00:00    0.87   3.87 1013.0  10.67   78.2   0.81
1998-10-08 00:00:00    3.32   3.72 1013.0  10.56   83.8   0.79
1998-10-08 06:00:00    4.86   1.09 1013.0  11.30   82.0   0.81
1998-10-08 12:00:00    5.74   3.63 1013.0  11.71   82.7   0.83
1998-10-08 18:00:00    3.83   7.03 1013.0  11.23   90.2   0.85
1998-10-09 00:00:00    5.50  12.68 1013.0  11.82   85.9   0.88
1998-10-09 06:00:00    7.15  11.92 1013.0  12.97   89.1   0.91
1998-10-09 12:00:00    7.39   5.69 1013.0  13.02   92.8   0.94
1998-10-09 18:00:00    7.53   0.77 1013.0  11.66   85.9   0.97
1998-10-10 00:00:00    5.89  -5.13 1013.0  11.18   86.0   1.00
1998-10-10 06:00:00    5.16 -12.64 1013.0  10.92   88.6   1.00
1998-10-10 12:00:00    5.10  -9.90 1013.0   9.93   78.1   1.00
1998-10-10 18:00:00    5.23  -6.71 1013.0   9.53   74.7   1.00
1998-10-11 00:00:00    5.42   0.19 1013.0   9.42   77.5   1.00
1998-10-11 06:00:00    4.74   8.98 1013.0  10.05   85.7   0.97
1998-10-11 12:00:00   11.90  -3.77 1013.0   9.59   75.8   0.94
1998-10-11 18:00:00    9.62  -1.16 1013.0   9.19   78.8   0.91
1998-10-12 00:00:00    4.43  -6.79 1013.0   9.53   80.1   0.88
1998-10-12 06:00:00    3.09 -12.07 1013.0  10.68   78.0   0.91
1998-10-12 12:00:00    5.89  -8.27 1013.0  10.27   74.0   0.94
1998-10-12 18:00:00    6.89  -5.23 1013.0   9.79   79.3   0.97
1998-10-13 00:00:00    6.37   1.92 1013.0  10.26   78.5   1.00
1998-10-13 06:00:00    6.93   6.31 1013.0  10.67   86.2   0.97
1998-10-13 12:00:00    4.32   8.92 1013.0  10.85   86.2   0.94
1998-10-13 18:00:00    5.88   4.89 1013.0  11.50   86.7   0.91
1998-10-14 00:00:00    7.43   0.41 1013.0  10.42   82.3   0.88
1998-10-14 06:00:00    9.20   3.53 1013.0   9.78   81.5   0.91
1998-10-14 12:00:00   13.01   2.27 1013.0   9.15   75.4   0.94
1998-10-14 18:00:00   15.21   2.03 1013.0   8.25   77.8   0.97
1998-10-15 00:00:00   14.39  -0.04 1013.0   8.40   74.1   1.00
1998-10-15 06:00:00   12.57  -3.15 1013.0   7.63   78.8   0.98
1998-10-15 12:00:00   11.52  -8.58 1013.0   8.05   75.0   0.96
1998-10-15 18:00:00   11.43  -7.56 1013.0   7.77   75.2   0.93
1998-10-16 00:00:00    8.07  -4.04 1013.0   7.06   68.5   0.91
1998-10-16 06:00:00    3.92  -2.40 1013.0   7.01   66.8   0.92
1998-10-16 12:00:00   -3.84  -0.06 1013.0   6.93   68.3   0.94
1998-10-16 18:00:00   -9.25  -1.97 1013.0   6.69   73.9   0.95
1998-10-17 00:00:00   -8.75  -6.85 1013.0   7.19   73.5   0.96
1998-10-17 06:00:00   -3.91 -11.76 1013.0   6.70   70.3   0.97
1998-10-17 12:00:00    2.95 -11.27 1013.0   5.98   73.8   0.98
1998-10-17 18:00:00    7.46 -12.48 1013.0   6.41   82.2   0.99
1998-10-18 00:00:00    9.57 -10.30 1013.0   6.67   67.0   1.00
1998-10-18 06:00:00    9.94  -6.01 1013.0   6.85   64.3   0.97
1998-10-18 12:00:00    8.15   3.99 1013.0   7.85   72.3   0.94
1998-10-18 18:00:00    8.00   3.44 1013.0   8.52   77.5   0.91
1998-10-19 00:00:00   10.03   0.60 1013.0   7.94   74.7   0.88
1998-10-19 06:00:00   10.99  -0.94 1013.0   7.00   78.7   0.88
1998-10-19 12:00:00   10.28  -5.49 1013.0   6.90   77.5   0.88
1998-10-19 18:00:00    7.37  -8.92 1013.0   7.22   74.8   0.88
1998-10-20 00:00:00    6.11  -9.79 1013.0   7.55   73.8   0.88
1998-10-20 06:00:00    5.31  -8.14 1013.0   7.28   77.2   0.88
1998-10-20 12:00:00    2.13  -2.43 1013.0   7.08   70.1   0.88
1998-10-20 18:00:00   -2.51   7.10 1013.0   7.90   74.8   0.88
1998-10-21 00:00:00   -7.60  13.37 1013.0   8.56   80.0   0.88
1998-10-21 06:00:00   -1.50  10.10 1013.0  11.66   82.1   0.85
1998-10-21 12:00:00    2.66   5.06 1013.0  11.40   94.7   0.83
1998-10-21 18:00:00    7.63   3.31 1013.0  11.92   93.8   0.81
1998-10-22 00:00:00    2.06  10.56 1013.0  12.05   92.5   0.79
1998-10-22 06:00:00    5.89  12.21 1013.0  12.81   90.4   0.81
1998-10-22 12:00:00    8.70   9.64 1013.0  12.34   85.3   0.83
1998-10-22 18:00:00    7.03   8.75 1013.0  11.90   85.9   0.85
1998-10-23 00:00:00    4.61   7.10 1013.0  10.98   90.1   0.88
1998-10-23 06:00:00    7.93  -4.37 1013.0  10.14   88.1   0.88
1998-10-23 12:00:00   13.82   0.48 1013.0   8.98   76.7   0.88
1998-10-23 18:00:00   14.66   1.34 1013.0   9.52   74.9   0.88
1998-10-24 00:00:00   11.51   3.60 1013.0   9.11   74.6   0.88
1998-10-24 06:00:00    7.62   7.29 1013.0   9.28   80.8   0.91
1998-10-24 12:00:00   -2.08  11.35 1013.0   9.21   82.5   0.94
1998-10-24 18:00:00  -12.69   8.06 1013.0   8.52   82.5   0.97
1998-10-25 00:00:00   -9.62  -0.60 1013.0  10.07   85.5   1.00
1998-10-25 06:00:00   -0.87 -14.10 1013.0   9.62   87.6   0.98
1998-10-25 12:00:00    8.58 -15.26 1013.0   8.61   86.4   0.96
1998-10-25 18:00:00    8.89 -11.93 1013.0   7.97   81.0   0.93
1998-10-26 00:00:00    7.98  -7.82 1013.0   6.48   78.1   0.91
1998-10-26 06:00:00    7.75  -3.48 1013.0   6.36   81.1   0.90
1998-10-26 12:00:00    8.29  -2.84 1013.0   7.10   74.6   0.89
1998-10-26 18:00:00    8.38  -2.33 1013.0   7.53   76.9   0.88
1998-10-27 00:00:00    3.25   8.05 1013.0   7.69   77.2   0.88
1998-10-27 06:00:00    2.34  10.21 1013.0   9.12   80.1   0.88
1998-10-27 12:00:00   11.20   4.06 1013.0   8.38   77.9   0.89
1998-10-27 18:00:00   11.59   3.90 1013.0   7.71   79.2   0.90
1998-10-28 00:00:00   12.15   6.85 1013.0   8.72   75.8   0.91
1998-10-28 06:00:00   13.21   5.00 1013.0   8.85   79.7   0.92
1998-10-28 12:00:00   12.90  -1.44 1013.0   8.84   79.1   0.94
1998-10-28 18:00:00   12.29  -4.55 1013.0   8.80   79.2   0.95
1998-10-29 00:00:00    9.43  -9.66 1013.0   8.52   81.0   0.96
1998-10-29 06:00:00    8.88 -10.11 1013.0   8.27   82.0   0.97
1998-10-29 12:00:00   10.74  -8.97 1013.0   8.41   78.5   0.98
1998-10-29 18:00:00    9.73  -8.43 1013.0   8.50   78.3   0.99
1998-10-30 00:00:00    9.12  -7.63 1013.0   7.69   78.8   1.00
1998-10-30 06:00:00    9.10  -8.57 1013.0   7.25   81.6   0.98
1998-10-30 12:00:00    9.86  -8.22 1013.0   7.60   78.4   0.96
1998-10-30 18:00:00    8.75  -8.44 1013.0   7.39   80.4   0.93
1998-10-31 00:00:00    8.91  -7.02 1013.0   7.36   77.3   0.91
1998-10-31 06:00:00    8.20  -6.76 1013.0   7.56   76.0   0.90
1998-10-31 12:00:00    5.70  -5.51 1013.0   7.95   75.1   0.89
1998-10-31 18:00:00    5.70  -5.51 1013.0   7.95   75.1   0.88
1998-11-01 00:00:00    2.74  -4.94 1013.0   6.95   79.0   0.88
1998-11-01 06:00:00    2.93  -4.79 1013.0   6.60   78.9   0.88
1998-11-01 12:00:00    0.96  -2.66 1013.0   6.80   73.0   0.88
1998-11-01 18:00:00   -2.12  -1.56 1013.0   7.01   72.3   0.88
1998-11-02 00:00:00   -3.38  -1.44 1013.0   6.86   75.6   0.88
1998-11-02 06:00:00   -5.66  -0.56 1013.0   6.64   79.8   0.88
1998-11-02 12:00:00   -7.07   1.33 1013.0   7.37   77.1   0.88
1998-11-02 18:00:00   -8.25   0.49 1013.0   7.38   77.5   0.88
1998-11-03 00:00:00   -8.15   0.86 1013.0   7.18   75.5   0.88
1998-11-03 06:00:00   -5.57  -1.60 1013.0   6.80   74.6   0.91
1998-11-03 12:00:00   -0.30  -2.45 1013.0   5.51   74.1   0.94
1998-11-03 18:00:00    3.05  -3.53 1013.0   5.02   73.9   0.97
1998-11-04 00:00:00    2.37  -5.65 1013.0   4.93   80.6   1.00
1998-11-04 06:00:00    3.95  -7.65 1013.0   5.24   75.7   0.97
1998-11-04 12:00:00    6.31  -6.54 1013.0   4.66   79.9   0.94
1998-11-04 18:00:00    6.90  -8.22 1013.0   5.61   75.6   0.91
1998-11-05 00:00:00    4.78  -8.19 1013.0   5.16   76.8   0.88
1998-11-05 06:00:00    1.21  -4.00 1013.0   4.64   69.4   0.88
1998-11-05 12:00:00   -0.52   2.02 1013.0   4.77   63.2   0.89
1998-11-05 18:00:00   -5.61  -2.88 1013.0   4.59   74.1   0.90
1998-11-06 00:00:00    2.97  -7.70 1013.0   4.76   72.0   0.91
1998-11-06 06:00:00    6.14  -8.39 1013.0   4.14   75.4   0.93
1998-11-06 12:00:00    6.97  -7.56 1013.0   4.48   71.0   0.96
1998-11-06 18:00:00    2.24  -1.66 1013.0   4.40   69.3   0.98
1998-11-07 00:00:00   -3.15   8.45 1013.0   5.42   74.4   1.00
1998-11-07 06:00:00   -1.85   5.37 1013.0   8.68   79.6   1.00
1998-11-07 12:00:00    1.09   4.60 1013.0  10.00   88.2   1.00
1998-11-07 18:00:00   -2.39   9.32 1013.0  10.11   88.3   1.00
1998-11-08 00:00:00   -3.66  13.84 1013.0  10.19   89.6   1.00
1998-11-08 06:00:00   -4.19  16.14 1013.0   9.64   87.1   1.00
1998-11-08 12:00:00   -1.93  12.11 1013.0  10.80   89.4   1.00
1998-11-08 18:00:00   -2.67  11.76 1013.0  10.15   91.9   1.00
1998-11-09 00:00:00   -6.80  14.16 1013.0  10.02   90.7   1.00
1998-11-09 06:00:00  -12.37  17.16 1013.0   9.27   88.4   0.94
1998-11-09 12:00:00   -4.38  18.09 1013.0  11.21   84.7   0.88
1998-11-09 18:00:00   11.88  14.40 1013.0  10.17   75.5   0.81
1998-11-10 00:00:00    8.33  13.44 1013.0   9.81   81.2   0.75
1998-11-10 06:00:00   10.28   1.88 1013.0   8.39   76.7   0.75
1998-11-10 12:00:00    9.28   3.74 1013.0   8.23   76.9   0.75
1998-11-10 18:00:00   10.31  -0.35 1013.0   7.63   76.2   0.75
1998-11-11 00:00:00   10.30  -1.60 1013.0   7.98   73.0   0.75
1998-11-11 06:00:00    7.86  -1.60 1013.0   8.27   78.9   0.79
1998-11-11 12:00:00    5.57  -0.35 1013.0   9.13   76.7   0.83
1998-11-11 18:00:00    1.83   1.60 1013.0   8.64   79.7   0.87
1998-11-12 00:00:00   -1.29   5.00 1013.0   8.65   84.7   0.91
1998-11-12 06:00:00   -3.81   6.28 1013.0   8.33   82.3   0.93
1998-11-12 12:00:00   -4.18   6.84 1013.0   8.57   79.9   0.96
1998-11-12 18:00:00   -5.73   6.67 1013.0   8.78   80.3   0.98
1998-11-13 00:00:00   -6.09   8.84 1013.0   8.51   81.9   1.00
1998-11-13 06:00:00   -8.79   7.43 1013.0   8.30   82.7   1.00
1998-11-13 12:00:00   -9.91   5.71 1013.0   7.62   82.4   1.00
1998-11-13 18:00:00  -11.24   2.13 1013.0   7.33   81.6   1.00
1998-11-14 00:00:00  -11.05  -0.64 1013.0   7.26   79.1   1.00
1998-11-14 06:00:00   -9.89  -2.84 1013.0   7.03   78.7   0.97
1998-11-14 12:00:00   -6.51  -2.62 1013.0   6.88   78.0   0.94
1998-11-14 18:00:00   -2.90  -3.65 1013.0   6.02   82.5   0.91
1998-11-15 00:00:00   -0.42  -4.28 1013.0   5.60   82.0   0.88
1998-11-15 06:00:00    0.73  -4.60 1013.0   5.03   81.4   0.85
1998-11-15 12:00:00   -0.34  -6.40 1013.0   5.16   78.1   0.83
1998-11-15 18:00:00   -0.67  -7.34 1013.0   5.68   73.2   0.81
1998-11-16 00:00:00   -1.31  -6.18 1013.0   5.82   74.7   0.79
1998-11-16 06:00:00   -2.92  -4.78 1013.0   5.86   79.0   0.81
1998-11-16 12:00:00   -1.99  -1.86 1013.0   6.28   76.3   0.83
1998-11-16 18:00:00   -1.44  -1.53 1013.0   6.41   76.7   0.85
1998-11-17 00:00:00   -0.49  -0.75 1013.0   5.90   79.3   0.88
1998-11-17 06:00:00   -1.15   0.07 1013.0   5.86   79.4   0.88
1998-11-17 12:00:00   -0.76  -1.33 1013.0   5.65   76.9   0.88
1998-11-17 18:00:00   -1.96  -2.25 1013.0   5.62   76.3   0.88
1998-11-18 00:00:00   -0.70  -4.22 1013.0   5.35   78.3   0.88
1998-11-18 06:00:00   -2.26  -4.95 1013.0   4.98   77.1   0.88
1998-11-18 12:00:00   -3.20  -2.69 1013.0   5.06   72.6   0.88
1998-11-18 18:00:00   -3.68  -2.00 1013.0   5.51   74.5   0.88
1998-11-19 00:00:00   -2.27   1.58 1013.0   5.38   69.0   0.88
1998-11-19 06:00:00   -2.78   3.30 1013.0   5.65   68.8   0.91
1998-11-19 12:00:00   -2.25   7.36 1013.0   6.08   67.4   0.94
1998-11-19 18:00:00   -1.34   9.17 1013.0   6.55   73.3   0.97
1998-11-20 00:00:00   -0.35  11.79 1013.0   7.53   71.5   1.00
1998-11-20 06:00:00    0.91  13.26 1013.0   8.32   73.7   1.00
1998-11-20 12:00:00    1.95  14.55 1013.0   8.71   81.0   1.00
1998-11-20 18:00:00    2.69  16.60 1013.0   8.59   86.0   1.00
1998-11-21 00:00:00    7.20  15.48 1013.0   9.89   82.3   1.00
1998-11-21 06:00:00    6.06  13.81 1013.0  10.32   88.4   0.99
1998-11-21 12:00:00    7.30  12.38 1013.0  11.01   89.8   0.98
1998-11-21 18:00:00    5.62  11.96 1013.0  10.68   90.3   0.97
1998-11-22 00:00:00    6.95  11.69 1013.0  10.90   89.1   0.96
1998-11-22 06:00:00    6.68   8.11 1013.0  10.02   89.3   0.87
1998-11-22 12:00:00    6.54   5.69 1013.0   9.39   86.7   0.77
1998-11-22 18:00:00    5.30   6.04 1013.0   9.15   84.2   0.67
1998-11-23 00:00:00    7.36   4.92 1013.0   8.78   83.0   0.57
1998-11-23 06:00:00    4.79   2.93 1013.0   8.51   83.7   0.60
1998-11-23 12:00:00    1.66   8.13 1013.0   8.27   81.4   0.62
1998-11-23 18:00:00    1.03  14.38 1013.0   8.44   81.7   0.64
1998-11-24 00:00:00   -0.60  17.61 1013.0   8.52   87.3   0.66
1998-11-24 06:00:00    4.34  13.07 1013.0   9.56   76.9   0.72
1998-11-24 12:00:00    6.93   8.12 1013.0   8.99   83.7   0.77
1998-11-24 18:00:00    6.91   6.16 1013.0   8.95   79.0   0.82
1998-11-25 00:00:00    4.20   8.30 1013.0   9.06   81.8   0.88
1998-11-25 06:00:00    2.01   8.98 1013.0   8.89   84.6   0.88
1998-11-25 12:00:00    2.68   9.85 1013.0   8.72   85.9   0.88
1998-11-25 18:00:00    3.93   9.26 1013.0   8.78   86.8   0.88
1998-11-26 00:00:00    7.84   1.33 1013.0   7.55   79.6   0.88
1998-11-26 06:00:00    1.52  11.93 1013.0   7.87   78.4   0.90
1998-11-26 12:00:00   -0.51   7.78 1013.0   8.87   78.6   0.92
1998-11-26 18:00:00    3.79  -4.16 1013.0   9.18   79.7   0.94
1998-11-27 00:00:00    4.63  -8.09 1013.0   7.79   86.5   0.96
1998-11-27 06:00:00    0.63  -2.61 1013.0   6.73   76.7   0.94
1998-11-27 12:00:00   -0.18   7.22 1013.0   7.79   79.3   0.92
1998-11-27 18:00:00    0.04  13.30 1013.0   9.09   81.8   0.90
1998-11-28 00:00:00   -0.65  14.99 1013.0  10.27   83.6   0.88
1998-11-28 06:00:00   -3.63  14.79 1013.0   9.39   91.2   0.80
1998-11-28 12:00:00   -0.04  11.66 1013.0   9.90   91.5   0.72
1998-11-28 18:00:00    5.55   2.18 1013.0   9.27   90.5   0.65
1998-11-29 00:00:00    4.40   5.44 1013.0   8.26   80.7   0.57
1998-11-29 06:00:00    4.51   5.93 1013.0   8.63   82.0   0.66
1998-11-29 12:00:00    6.20   3.05 1013.0   8.38   82.7   0.74
1998-11-29 18:00:00    6.40   1.69 1013.0   8.22   79.9   0.83
1998-11-30 00:00:00    3.05   4.63 1013.0   8.19   81.1   0.91
1998-11-30 06:00:00    4.36   8.16 1013.0   8.87   84.8   0.90
1998-11-30 12:00:00    4.47   8.64 1013.0   9.69   86.1   0.89
1998-11-30 18:00:00    4.92   7.61 1013.0   9.87   94.2   0.88
1998-12-01 00:00:00    6.39   4.55 1013.0  10.24   95.3   0.88
1998-12-01 06:00:00    7.70   4.20 1013.0  10.74   93.2   0.88
1998-12-01 12:00:00    7.62   3.85 1013.0  10.80   90.3   0.89
1998-12-01 18:00:00    6.94   4.06 1013.0  10.50   90.3   0.90
1998-12-02 00:00:00    5.69   6.61 1013.0  10.20   90.5   0.91
1998-12-02 06:00:00    5.50   6.37 1013.0   9.84   90.2   0.90
1998-12-02 12:00:00    5.65   6.94 1013.0   9.33   91.0   0.89
1998-12-02 18:00:00    7.63   6.75 1013.0   9.53   89.7   0.88
1998-12-03 00:00:00   10.67   7.34 1013.0  10.02   87.6   0.88
1998-12-03 06:00:00   12.35  -2.13 1013.0   8.30   77.9   0.91
1998-12-03 12:00:00    9.39  -6.82 1013.0   6.71   75.7   0.94
1998-12-03 18:00:00    2.94 -11.62 1013.0   6.12   78.1   0.97
1998-12-04 00:00:00    0.02 -13.16 1013.0   4.82   79.1   1.00
1998-12-04 06:00:00    2.71 -14.13 1013.0   3.54   77.1   0.97
1998-12-04 12:00:00    1.03 -13.47 1013.0   3.09   76.2   0.94
1998-12-04 18:00:00    1.91 -12.95 1013.0   2.71   76.9   0.91
1998-12-05 00:00:00   -0.78 -11.66 1013.0   2.37   78.8   0.88
1998-12-05 06:00:00   -1.12 -11.01 1013.0   3.38   75.2   0.88
1998-12-05 12:00:00   -1.72 -10.72 1013.0   3.39   75.3   0.88
1998-12-05 18:00:00   -2.04 -10.24 1013.0   3.37   74.8   0.88
1998-12-06 00:00:00   -1.05  -8.81 1013.0   3.58   76.0   0.88
1998-12-06 06:00:00   -0.28  -7.33 1013.0   3.81   72.2   0.88
1998-12-06 12:00:00    0.08  -5.01 1013.0   4.10   74.0   0.88
1998-12-06 18:00:00    0.65  -2.41 1013.0   4.05   70.4   0.88
1998-12-07 00:00:00    0.81   0.72 1013.0   4.37   69.5   0.88
1998-12-07 06:00:00    0.22   5.27 1013.0   5.07   69.6   0.91
1998-12-07 12:00:00   -1.43  10.53 1013.0   6.53   68.0   0.94
1998-12-07 18:00:00   -1.63  12.89 1013.0   7.53   78.0   0.97
1998-12-08 00:00:00   -1.78  15.44 1013.0   7.93   84.7   1.00
1998-12-08 06:00:00   -0.55  16.79 1013.0   8.70   85.5   0.85
1998-12-08 12:00:00   -0.67  15.13 1013.0   8.94   89.8   0.71
1998-12-08 18:00:00    3.32   9.99 1013.0   9.62   86.4   0.56
1998-12-09 00:00:00    6.51   6.86 1013.0   9.14   83.7   0.41
1998-12-09 06:00:00    4.41   7.13 1013.0   8.85   88.4   0.56
1998-12-09 12:00:00    0.89  11.67 1013.0   8.42   87.8   0.71
1998-12-09 18:00:00    0.58  14.92 1013.0   9.09   87.3   0.85
1998-12-10 00:00:00    1.50  16.29 1013.0   9.74   85.2   1.00
1998-12-10 06:00:00   -1.15  15.49 1013.0   8.73   90.3   0.97
1998-12-10 12:00:00   -2.37  16.39 1013.0   8.87   89.9   0.94
1998-12-10 18:00:00   -0.69  14.13 1013.0   8.77   88.6   0.91
1998-12-11 00:00:00    1.53   7.63 1013.0   9.68   90.8   0.88
1998-12-11 06:00:00    4.07   1.50 1013.0   9.35   92.3   0.88
1998-12-11 12:00:00    1.44   4.52 1013.0   8.95   93.9   0.88
1998-12-11 18:00:00   -2.48  10.26 1013.0   7.61   95.1   0.88
1998-12-12 00:00:00   -3.14  17.06 1013.0   8.53   84.5   0.88
1998-12-12 06:00:00    5.45   7.54 1013.0   9.91   85.9   0.87
1998-12-12 12:00:00    4.05   7.51 1013.0   9.11   87.2   0.86
1998-12-12 18:00:00    8.30   4.84 1013.0   9.30   81.1   0.85
1998-12-13 00:00:00    5.91   3.44 1013.0   8.07   75.6   0.84
1998-12-13 06:00:00    7.96   0.59 1013.0   7.92   79.0   0.85
1998-12-13 12:00:00   11.27   3.13 1013.0   7.92   75.0   0.86
1998-12-13 18:00:00    7.96   2.88 1013.0   8.33   77.8   0.87
1998-12-14 00:00:00   -0.60  10.90 1013.0   8.30   84.2   0.88
1998-12-14 06:00:00    1.80  10.29 1013.0  10.00   91.6   0.85
1998-12-14 12:00:00    8.16  11.01 1013.0  11.42   87.4   0.83
1998-12-14 18:00:00    9.99   9.34 1013.0  10.52   83.8   0.81
1998-12-15 00:00:00   14.31   8.36 1013.0   9.20   72.1   0.79
1998-12-15 06:00:00   16.81   7.31 1013.0   8.42   74.1   0.81
1998-12-15 12:00:00   16.02   5.95 1013.0   8.38   72.4   0.83
1998-12-15 18:00:00   13.63   2.07 1013.0   7.47   81.1   0.85
1998-12-16 00:00:00   14.58   0.46 1013.0   7.74   74.5   0.88
1998-12-16 06:00:00   10.21   1.12 1013.0   8.52   75.0   0.85
1998-12-16 12:00:00    7.80   7.20 1013.0   9.97   86.1   0.83
1998-12-16 18:00:00   10.64   9.15 1013.0  10.30   84.8   0.81
1998-12-17 00:00:00   10.18  10.35 1013.0  10.06   81.2   0.79
1998-12-17 06:00:00    8.06  13.09 1013.0  11.16   86.6   0.79
1998-12-17 12:00:00   10.25  10.96 1013.0  11.17   85.8   0.79
1998-12-17 18:00:00    7.19   6.47 1013.0   9.73   89.9   0.79
1998-12-18 00:00:00    9.91   3.97 1013.0   8.78   82.9   0.79
1998-12-18 06:00:00   12.87   5.15 1013.0   8.18   80.0   0.82
1998-12-18 12:00:00   13.14   3.78 1013.0   8.05   75.3   0.85
1998-12-18 18:00:00    9.98   1.01 1013.0   7.50   80.0   0.88
1998-12-19 00:00:00    4.19  -2.69 1013.0   6.53   82.3   0.91
1998-12-19 06:00:00    1.37  -9.94 1013.0   6.10   84.0   0.93
1998-12-19 12:00:00    2.51 -11.42 1013.0   5.02   74.4   0.96
1998-12-19 18:00:00    3.43 -11.02 1013.0   4.34   71.6   0.98
1998-12-20 00:00:00    2.55 -12.12 1013.0   3.95   72.6   1.00
1998-12-20 06:00:00    4.44 -11.64 1013.0   3.68   75.6   1.00
1998-12-20 12:00:00    3.24 -10.63 1013.0   3.64   73.0   1.00
1998-12-20 18:00:00    2.19 -11.46 1013.0   3.53   75.3   1.00
1998-12-21 00:00:00    1.93  -8.79 1013.0   3.17   74.8   1.00
1998-12-21 06:00:00    0.24  -4.36 1013.0   3.20   72.0   0.95
1998-12-21 12:00:00   -0.62   4.25 1013.0   3.44   69.1   0.89
1998-12-21 18:00:00    0.25  10.15 1013.0   4.88   72.8   0.84
1998-12-22 00:00:00    4.70   2.59 1013.0   7.16   75.0   0.79
1998-12-22 06:00:00    7.55  -1.18 1013.0   7.87   81.4   0.81
1998-12-22 12:00:00    5.04   3.99 1013.0   8.01   83.7   0.83
1998-12-22 18:00:00    0.51  11.59 1013.0   7.61   87.2   0.85
1998-12-23 00:00:00    4.72  10.58 1013.0   8.52   81.3   0.88
1998-12-23 06:00:00    9.40   4.13 1013.0   7.23   80.0   0.91
1998-12-23 12:00:00    6.44   5.82 1013.0   6.77   72.7   0.94
1998-12-23 18:00:00    6.31   7.31 1013.0   5.72   83.1   0.97
1998-12-24 00:00:00    6.10   8.86 1013.0   6.47   73.7   1.00
1998-12-24 06:00:00   11.60   7.40 1013.0   7.58   79.0   0.95
1998-12-24 12:00:00   10.15   8.39 1013.0   7.60   82.6   0.89
1998-12-24 18:00:00    3.80  11.38 1013.0   7.35   83.4   0.84
1998-12-25 00:00:00   12.61   5.29 1013.0  10.03   86.9   0.79
1998-12-25 06:00:00   12.67   6.44 1013.0   8.07   76.6   0.83
1998-12-25 12:00:00   12.87   7.59 1013.0   7.38   75.1   0.88
1998-12-25 18:00:00    9.61   6.61 1013.0   6.81   78.7   0.92
1998-12-26 00:00:00    8.43   2.70 1013.0   6.18   79.2   0.96
1998-12-26 06:00:00   10.63   1.62 1013.0   5.75   76.4   0.95
1998-12-26 12:00:00    6.93   5.61 1013.0   6.17   74.4   0.94
1998-12-26 18:00:00  -10.76  12.57 1013.0   5.65   83.0   0.92
1998-12-27 00:00:00   -5.63   8.00 1013.0   7.59   80.0   0.91
1998-12-27 06:00:00    3.67  -2.12 1013.0   7.38   82.6   0.93
1998-12-27 12:00:00   10.45  -4.11 1013.0   7.39   82.8   0.96
1998-12-27 18:00:00    8.56   2.22 1013.0   6.24   77.8   0.98
1998-12-28 00:00:00    6.55   3.06 1013.0   5.98   78.6   1.00
1998-12-28 06:00:00    6.05  -1.23 1013.0   5.49   81.6   0.97
1998-12-28 12:00:00    4.71  -4.19 1013.0   5.34   81.8   0.94
1998-12-28 18:00:00    7.49  -2.38 1013.0   5.41   79.2   0.91
1998-12-29 00:00:00    6.78   3.61 1013.0   6.78   68.7   0.88
1998-12-29 06:00:00    5.31   7.13 1013.0   6.37   79.4   0.88
1998-12-29 12:00:00    1.21   9.40 1013.0   7.60   75.7   0.88
1998-12-29 18:00:00   -5.43  11.39 1013.0   8.14   77.3   0.88
1998-12-30 00:00:00   -9.74  14.47 1013.0   7.72   84.1   0.88
1998-12-30 06:00:00   -7.75  17.20 1013.0   9.41   83.5   0.88
1998-12-30 12:00:00   -5.10  20.43 1013.0  10.06   80.5   0.88
1998-12-30 18:00:00    7.43  11.75 1013.0   9.41   81.7   0.88
1998-12-31 00:00:00    2.73   8.37 1013.0   8.22   80.9   0.88
1998-12-31 06:00:00   -4.68   7.92 1013.0   8.81   86.4   0.88
1998-12-31 12:00:00   -5.68   9.19 1013.0   8.68   90.2   0.88
1998-12-31 18:00:00   -5.68   9.19 1013.0   8.68   90.2   0.88
1999-01-01 00:00:00   -5.68   9.19 1013.0   8.68   90.2   0.88
1999-01-02 00:00:00   -5.68   9.19 1013.0   8.68   90.2   0.88
